[p1]
9646
1 1 0 1 1 1 1 1 1 1 
0 0 1 6 3 8 4 4 4 1 9 8 3 4 8 3 4 0 9 7 3 8 6 4 5 5 1 5 3 5 9 6 0 3 9 4 7 0 0 4 1 8 1 5 7 0 4 0 4 3 
[p2]
8725
1 1 1 1 1 1 1 1 1 1 
0 8 1 6 3 8 2 4 4 1 9 3 3 2 0 0 4 8 9 7 3 4 6 4 2 5 1 5 0 5 2 6 0 3 9 4 4 3 3 4 1 8 1 5 7 0 4 0 4 0 
[p3]
9889
1 0 1 1 1 1 1 0 1 1 
0 2 5 6 3 8 2 4 4 5 9 8 3 2 8 3 4 0 9 4 3 8 6 4 2 5 5 5 0 5 2 6 0 0 9 4 4 3 0 4 3 8 3 5 4 0 4 0 4 3 
[p4]
11726
1 1 1 1 1 1 1 0 0 1 
2 2 1 6 3 0 2 4 4 1 9 0 3 2 0 3 4 3 9 9 3 4 6 4 2 5 1 5 0 5 2 6 0 3 9 4 4 3 0 4 1 0 1 5 4 0 4 0 4 0 
[p5]
9217
1 1 1 1 1 1 1 1 1 1 
8 8 1 6 3 8 2 4 4 1 9 8 3 2 8 3 2 0 9 7 3 8 6 4 2 5 1 5 0 5 2 6 0 3 9 4 7 3 0 4 1 8 1 5 7 0 4 3 4 0 
[p6]
8476
1 1 1 1 1 1 1 1 1 1 
2 8 1 6 3 8 2 4 4 1 9 0 3 8 8 3 2 8 9 7 3 8 6 4 2 5 1 5 0 5 2 6 0 3 9 4 7 3 0 4 1 8 1 5 7 0 4 0 4 0 
[p7]
10273
1 1 1 1 1 1 1 1 1 1 
8 8 1 6 3 8 2 4 4 1 9 8 3 2 8 3 4 3 9 7 1 8 6 4 2 5 1 5 0 5 2 6 0 0 9 4 7 3 0 2 1 8 1 5 7 0 4 0 4 3 
[p8]
12150
1 1 1 1 1 1 1 1 1 1 
8 8 1 6 3 8 2 4 4 1 9 0 3 2 8 3 4 8 9 7 3 7 6 4 2 5 1 5 0 5 2 6 0 3 9 4 7 3 0 4 1 8 1 5 7 0 4 0 7 0 
[p9]
9040
1 1 1 1 1 1 1 1 1 1 
8 8 1 6 3 8 2 4 4 1 9 8 3 2 8 3 4 0 9 7 3 8 6 4 2 5 1 5 0 5 2 6 0 3 9 4 4 3 0 4 1 8 1 5 7 0 4 0 4 0 
[p10]
7726
1 1 1 1 1 1 1 1 1 1 
8 8 1 6 3 8 2 4 4 1 9 8 3 2 8 3 4 0 9 7 3 8 6 4 2 5 1 5 0 5 2 6 0 3 9 4 4 3 0 4 1 8 1 5 7 0 4 0 4 0 
[p11]
9765
1 1 1 1 1 0 1 1 0 1 
2 2 1 6 3 0 2 4 4 1 9 0 3 2 0 3 4 0 9 7 3 4 6 4 2 6 1 1 0 1 2 6 0 3 9 4 4 3 0 4 1 0 1 6 7 0 4 0 4 0 
[p12]
11455
1 1 1 1 1 1 0 1 1 1 
8 8 1 5 3 8 2 4 4 1 9 8 3 2 8 3 4 0 9 7 3 8 9 4 2 5 1 5 0 5 2 5 0 3 9 4 4 3 0 4 1 8 1 5 7 0 4 0 4 0 
[p13]
9826
0 1 0 1 1 1 1 1 1 0 0 0 0 1 1 0 1 0 0 1 
16 1 7 7 1 13 3 13 14 4 7 4 1 6 13 3 5 7 4 6 14 5 7 19 6 4 16 3 1 4 13 7 13 16 3 6 3 19 19 13 6 16 5 16 8 5 14 6 19 8 
[p14]
8012
0 1 1 1 1 0 1 1 0 0 1 0 0 0 1 1 1 1 0 1 
16 1 10 10 1 15 17 2 14 17 15 4 1 6 2 3 15 10 4 6 14 15 7 19 6 17 16 17 1 17 2 7 2 16 3 10 3 19 19 2 6 16 15 16 3 15 14 10 19 6 
[p15]
11218
1 1 0 1 1 1 0 1 1 0 1 0 0 1 0 1 1 0 1 0 
16 1 10 7 1 18 3 13 7 4 15 4 1 10 13 3 15 10 4 8 18 15 15 13 10 4 16 3 1 4 13 7 13 16 3 10 3 1 1 13 8 0 5 0 8 5 7 10 4 8 
[p16]
12918
1 1 1 1 0 1 1 1 1 0 1 0 0 0 0 1 0 1 0 1 
0 1 10 10 1 15 17 2 7 17 15 19 1 6 2 3 15 10 17 6 15 15 15 19 6 17 0 17 1 17 2 7 2 0 3 10 3 19 19 2 6 0 5 0 8 5 7 10 19 8 
[p17]
9236
1 1 0 0 0 1 1 1 0 1 1 1 0 1 1 0 0 1 0 1 
0 1 10 10 1 13 17 13 14 17 7 19 1 6 13 11 5 10 17 9 14 5 7 19 6 17 0 17 1 17 13 7 13 0 1 10 11 19 19 13 6 0 5 0 11 5 14 10 19 9 
[p18]
8370
1 0 0 1 1 1 0 1 0 1 1 0 1 1 0 0 1 1 1 0 
16 12 7 10 12 18 17 13 12 17 7 4 12 10 13 3 5 10 4 9 12 5 7 13 9 17 16 17 3 17 13 7 13 16 3 10 3 18 4 13 10 0 5 0 3 5 12 10 4 9 
[p19]
10727
1 1 0 0 0 0 0 0 0 0 1 1 1 1 1 1 0 1 0 0 
0 12 0 14 1 12 17 13 14 17 15 1 1 10 13 11 15 10 17 11 12 15 15 13 10 17 15 17 1 17 13 15 13 10 1 10 11 1 1 13 10 0 0 0 11 13 14 14 1 11 
[p20]
12480
0 1 1 0 0 1 0 1 0 1 1 1 0 0 1 0 0 1 0 1 
7 1 7 10 1 19 17 2 14 17 7 19 1 10 2 11 5 10 17 9 14 5 14 19 9 17 5 17 1 17 2 7 2 7 1 10 11 19 19 2 10 5 5 7 11 5 14 10 19 9 
[p21]
9735
1 1 0 1 0 0 1 0 0 0 0 1 1 1 1 1 1 1 0 1 
16 12 16 6 1 12 17 13 14 17 15 19 1 6 13 3 15 14 17 6 12 15 15 19 6 17 16 17 1 17 13 15 13 16 3 6 11 19 19 13 6 0 0 0 11 13 14 6 19 6 
[p22]
8725
1 0 1 1 0 1 1 1 0 0 1 1 1 0 0 0 1 0 1 1 
16 12 10 10 19 18 3 18 12 3 7 19 19 6 2 3 5 10 19 6 12 5 7 19 6 3 16 3 3 3 2 7 2 16 3 10 11 19 19 2 6 0 5 0 11 5 12 10 19 6 
[p23]
10516
1 1 1 1 1 1 0 0 0 0 1 1 1 0 0 1 0 0 0 0 
0 12 10 10 1 12 3 2 12 4 15 4 1 10 2 3 15 10 4 11 12 15 15 2 10 4 0 3 1 4 2 15 2 0 3 10 11 1 1 2 10 0 5 0 11 5 12 10 2 11 
[p24]
13791
0 0 1 1 1 0 0 1 1 0 0 0 1 0 1 1 0 1 1 1 
7 12 7 7 19 18 17 18 14 17 15 4 19 7 2 3 15 14 4 8 12 15 15 19 8 17 7 17 3 17 2 7 2 7 3 14 3 19 19 2 14 15 15 7 8 15 14 14 19 8 
[p25]
15703
1 0 1 0 1 1 0 0 1 1 0 1 0 1 1 0 1 1 0 1 1 0 0 0 1 0 0 1 1 1 
20 11 20 2 20 5 2 24 14 0 24 16 8 20 19 14 14 17 5 11 2 0 5 19 5 8 19 24 5 24 5 11 13 11 20 20 24 24 0 14 0 14 24 28 24 14 4 13 27 8 29 14 14 5 13 20 2 11 0 14 0 5 20 11 11 11 9 0 24 24 20 20 11 0 24 8 9 20 14 24 20 0 20 17 19 17 2 4 20 5 2 24 17 11 17 9 2 19 29 16 8 17 17 11 2 29 17 11 14 28 14 14 0 11 11 27 24 24 24 24 5 8 11 13 16 0 5 24 0 29 0 11 24 5 8 14 17 5 20 17 0 8 20 14 8 27 11 5 2 5 
[p26]
14138
1 0 1 0 0 1 1 1 1 0 0 1 0 1 1 1 1 1 0 1 1 1 1 0 1 1 0 0 1 1 
20 11 13 2 20 5 2 24 14 17 22 16 8 20 19 14 14 0 5 11 2 0 5 17 5 8 19 24 5 24 5 25 6 25 20 20 24 15 0 14 0 14 15 28 24 14 7 13 11 8 29 14 14 5 20 20 17 11 11 14 0 5 20 11 11 11 24 0 22 24 20 6 11 0 24 8 24 20 14 24 20 7 20 17 17 0 2 7 20 5 14 24 7 11 17 5 2 2 21 16 8 17 17 25 2 29 17 11 14 28 14 14 2 11 11 25 24 24 24 24 5 8 25 13 16 0 5 24 0 21 0 11 24 5 8 14 17 5 20 17 0 8 20 14 8 25 25 5 2 5 
[p27]
16123
1 0 1 0 0 1 0 1 1 1 0 1 0 1 1 1 0 1 0 0 1 0 1 0 1 1 0 1 0 0 
20 11 20 14 20 5 2 9 14 17 22 8 8 20 2 14 14 17 5 11 2 0 5 17 5 8 2 24 5 24 5 25 20 25 20 20 24 15 0 14 0 14 15 8 24 14 0 13 27 8 5 14 14 5 13 20 2 27 0 14 0 5 20 11 11 11 9 0 22 9 20 20 11 0 24 8 9 20 14 24 20 7 20 17 17 0 17 7 20 5 2 24 17 11 7 9 2 2 25 20 8 7 17 25 2 25 7 11 14 8 14 14 2 11 11 27 24 24 24 24 5 8 25 13 8 0 5 9 0 25 0 11 24 5 8 14 7 5 20 17 0 8 20 14 8 25 25 5 17 5 
[p28]
19330
1 0 1 0 0 1 0 1 1 1 0 1 0 1 1 0 1 1 0 0 1 0 0 0 1 1 0 1 0 1 
20 11 20 2 20 5 2 24 14 17 9 16 8 20 2 14 14 0 5 11 2 0 5 2 5 8 17 24 5 24 5 25 20 25 20 20 24 24 0 14 0 14 24 8 24 14 7 13 27 8 29 14 14 5 20 20 14 11 0 14 0 5 20 11 11 11 9 0 9 24 20 20 11 0 24 8 24 20 14 24 20 7 20 17 17 17 17 7 20 5 2 24 17 11 7 5 14 14 25 16 8 7 17 25 2 29 17 11 14 8 14 14 2 11 11 27 24 24 24 24 5 8 25 13 16 0 5 9 0 29 0 11 24 5 8 14 17 5 20 17 0 8 20 14 8 25 25 5 2 5 
[p29]
16004
1 0 1 1 0 1 1 1 1 1 0 1 0 1 1 0 0 1 0 1 1 1 0 0 1 1 0 0 1 0 
20 11 20 2 20 5 2 24 14 17 24 8 8 20 3 14 14 17 5 11 2 0 5 3 5 8 19 24 24 24 25 25 6 25 20 20 24 9 0 14 0 14 9 28 24 14 0 13 11 8 5 14 14 5 13 20 17 11 11 14 0 5 20 11 11 11 9 0 9 9 20 6 11 17 24 8 9 20 14 24 20 7 20 17 19 17 17 7 20 5 2 9 17 11 17 24 2 3 21 13 8 17 17 25 2 25 17 11 14 28 14 14 2 11 11 25 24 9 5 24 5 8 25 13 8 0 5 24 0 21 0 11 24 5 8 14 7 5 13 17 0 8 20 17 8 25 25 5 2 24 
[p30]
13305
1 0 1 0 0 1 0 1 1 1 0 1 0 1 1 0 0 1 0 1 1 0 0 0 1 1 0 0 1 1 
20 11 20 2 20 11 2 9 14 17 9 8 8 20 19 14 14 17 5 11 2 0 5 17 5 8 19 5 5 24 5 25 13 25 20 8 24 24 0 14 0 14 24 28 9 14 7 13 11 8 29 14 14 5 20 20 17 11 0 14 0 5 20 11 11 11 24 0 5 9 20 20 11 17 24 8 24 20 14 24 20 7 13 17 17 17 17 7 20 5 2 24 17 11 17 24 2 2 25 13 8 17 17 25 2 29 17 11 28 28 14 14 2 11 11 25 24 9 24 24 5 8 25 13 8 0 5 9 0 25 0 11 24 29 8 14 7 5 13 17 0 8 20 14 8 25 25 5 2 5 
[p31]
14922
1 0 1 0 0 1 0 1 1 0 0 1 0 1 1 1 0 1 0 0 1 0 0 0 1 1 0 0 0 0 
20 11 13 2 20 5 2 24 14 17 24 8 8 20 17 8 14 17 5 11 2 0 5 17 24 8 2 24 24 24 5 25 20 25 20 20 24 15 0 14 0 14 15 8 24 14 7 13 11 8 5 14 14 5 13 20 17 11 0 14 0 5 20 11 11 11 5 0 24 24 13 20 11 17 15 8 24 20 14 5 20 7 13 17 2 17 17 7 20 5 2 15 17 11 17 24 2 2 25 13 8 17 14 25 2 25 17 11 14 8 14 14 2 11 11 25 24 24 11 24 5 8 25 13 8 0 5 15 0 25 0 11 24 25 8 14 17 5 20 17 0 8 20 14 8 25 25 5 2 5 
[p32]
19840
1 0 1 0 0 1 0 1 1 1 0 1 0 1 1 0 0 1 0 0 1 0 0 0 1 1 0 1 1 1 
20 11 13 2 20 5 2 24 14 17 9 8 8 20 17 14 14 0 5 11 2 0 5 17 5 8 2 24 5 24 5 25 20 25 20 20 5 24 0 14 0 14 24 8 24 14 0 13 27 8 29 28 14 11 20 20 17 27 0 14 0 5 20 11 11 11 24 0 24 9 13 20 11 0 24 8 24 20 14 24 13 7 13 17 17 17 17 7 20 5 2 24 17 11 17 9 2 2 25 13 8 17 17 25 2 29 17 11 14 28 14 14 2 11 11 27 5 9 24 24 5 8 25 13 8 0 5 9 0 29 0 11 5 29 8 14 17 25 20 17 0 8 13 14 8 25 25 5 2 5 
[p33]
14644
1 0 1 0 0 1 0 1 1 1 0 1 0 1 1 0 0 1 0 1 1 0 0 0 1 1 0 0 1 0 
20 11 20 2 20 5 2 9 14 17 9 8 8 20 17 14 14 17 5 11 2 0 5 17 5 8 19 24 5 24 5 25 13 25 20 20 24 24 0 14 0 14 24 28 24 14 7 13 11 8 5 14 14 5 13 20 17 11 0 14 0 5 20 11 11 11 24 0 9 24 20 20 11 17 24 8 24 20 14 24 20 7 13 17 19 17 17 7 20 5 2 24 17 11 17 5 2 19 25 13 8 17 17 25 2 25 17 11 14 28 14 14 2 11 11 25 24 24 24 24 5 8 25 13 8 0 5 24 0 25 0 11 24 5 8 14 17 5 20 17 0 8 20 14 8 25 25 5 2 5 
[p34]
12762
1 0 1 0 0 1 1 1 1 1 0 1 0 1 1 0 1 1 0 0 1 0 0 0 1 1 0 1 0 0 
20 11 13 2 20 5 2 9 14 17 9 16 8 20 17 14 14 17 5 11 2 0 5 17 5 8 2 24 5 24 5 25 6 25 20 20 24 24 0 14 0 14 24 8 24 14 0 13 27 8 5 14 14 5 20 20 17 27 0 14 0 5 20 11 11 11 24 0 24 24 20 6 11 17 24 8 24 20 14 24 20 7 13 17 17 17 17 7 20 5 2 24 17 11 17 5 2 2 25 16 8 17 17 25 2 25 17 11 14 8 14 14 2 11 11 25 24 24 24 24 5 8 25 13 16 0 5 9 0 25 0 11 24 5 8 14 7 5 20 17 0 8 20 14 8 25 25 5 2 5 
[p35]
16579
1 0 0 0 0 1 0 1 1 1 0 1 0 1 1 0 0 1 0 1 1 1 1 0 1 1 0 1 1 0 
20 11 20 14 20 5 19 9 14 17 22 8 8 20 19 14 14 17 5 11 14 0 5 17 5 8 19 24 5 24 5 25 20 25 20 20 24 24 0 14 0 14 24 8 24 14 7 13 27 8 5 14 14 5 20 20 17 11 11 14 0 5 20 11 11 11 22 0 5 22 20 20 11 17 24 8 22 20 14 24 20 7 13 17 19 17 17 7 20 5 17 24 17 11 17 9 14 19 21 20 8 17 17 25 19 25 17 11 14 28 14 14 17 11 11 27 24 24 24 24 5 8 25 13 8 0 5 24 0 21 0 11 24 5 8 14 17 5 20 17 0 28 20 14 8 25 25 5 17 5 
[p36]
19128
1 0 1 0 0 1 0 1 1 0 0 1 0 1 1 1 0 1 0 1 1 0 0 0 1 1 0 1 0 1 
20 11 13 2 20 5 2 24 14 17 24 8 8 20 19 14 14 17 5 11 2 0 5 17 5 8 19 24 5 24 5 25 13 25 20 20 24 15 0 14 0 14 15 8 24 14 7 13 27 8 29 14 14 5 13 20 17 27 0 14 0 5 20 11 11 11 24 0 24 24 20 20 11 17 24 8 24 20 14 24 20 7 20 17 19 17 17 7 20 5 2 24 17 11 17 24 2 19 25 13 8 17 17 25 2 29 17 11 14 8 14 14 2 11 11 25 24 24 5 24 5 8 25 13 8 0 5 24 0 29 0 11 24 5 8 14 7 5 20 17 0 8 20 14 8 25 25 5 2 5 
[p37]
15856
1 0 1 0 0 1 0 1 1 1 0 1 0 1 1 1 0 1 0 1 1 0 0 0 1 1 0 1 1 1 
20 11 13 2 20 5 2 24 14 17 24 8 8 20 19 14 14 17 5 11 2 0 5 17 5 20 19 24 5 24 5 25 20 25 20 20 24 15 0 14 0 14 15 28 24 14 0 13 27 8 29 14 14 5 20 20 17 27 11 14 0 5 20 11 11 11 9 0 5 9 20 20 11 17 24 8 24 20 14 24 20 7 20 17 17 17 17 7 20 5 2 24 17 11 17 9 2 19 25 13 8 17 17 25 2 29 17 11 14 28 14 14 17 11 11 27 24 24 24 24 5 8 25 13 8 0 5 24 0 29 0 11 24 5 8 14 7 5 20 17 0 8 20 14 8 25 25 5 2 5 
[p38]
12765
1 0 1 0 0 1 0 1 1 1 0 1 0 1 1 0 1 1 0 1 1 0 0 0 1 1 0 0 0 1 
20 11 20 2 20 5 2 24 14 17 24 16 8 20 19 14 14 17 5 11 2 0 5 17 5 8 19 24 5 24 5 25 13 25 20 20 24 24 0 14 0 14 24 8 24 14 7 13 11 8 29 14 14 5 13 20 17 11 0 14 0 5 20 11 11 11 9 0 9 24 20 20 11 17 24 8 24 20 14 24 20 7 20 17 19 17 17 7 20 5 2 24 17 11 17 24 2 2 25 16 8 17 17 25 2 29 17 11 14 8 14 14 2 11 11 25 24 24 24 24 5 8 25 13 16 0 5 24 0 29 0 11 24 5 8 14 7 5 20 17 0 8 20 14 8 25 25 5 2 5 
[p39]
15962
1 0 1 0 0 1 0 1 1 1 0 1 0 1 1 0 0 1 0 1 1 0 0 0 1 1 0 1 1 0 
20 11 20 2 20 5 2 9 14 17 9 8 8 20 19 14 14 17 5 11 2 0 5 17 5 8 19 24 5 24 5 25 20 25 20 20 24 24 0 14 0 14 24 28 24 14 0 13 27 8 5 14 14 5 20 20 17 27 0 14 0 5 20 11 11 11 24 0 9 9 20 20 11 17 24 8 9 20 14 24 20 7 20 17 17 17 17 7 20 5 2 24 17 11 17 9 2 19 25 13 8 17 17 25 2 25 17 11 14 28 14 14 2 11 11 27 24 24 24 24 5 8 25 13 8 0 5 9 0 25 0 11 24 5 8 14 7 5 20 17 0 8 20 14 8 25 25 5 2 5 
[p40]
17081
1 0 1 0 0 1 0 0 1 1 0 1 0 1 1 0 0 1 0 0 1 0 0 0 1 1 0 1 0 0 
20 11 20 2 20 5 2 9 14 17 9 8 8 20 17 14 14 17 5 11 2 0 5 17 5 8 2 24 5 24 5 25 13 25 20 20 24 24 0 14 0 14 24 8 24 14 0 13 27 8 5 14 14 5 20 20 17 11 0 14 0 5 20 11 11 11 9 0 5 24 20 20 11 17 24 8 9 20 14 24 20 0 20 17 17 17 17 0 20 5 2 24 17 11 17 5 2 2 25 13 8 17 17 25 2 25 17 11 14 8 14 14 2 11 11 27 24 24 24 24 5 8 25 13 8 0 5 24 0 25 0 11 24 5 8 14 17 5 20 17 0 8 20 14 8 25 25 5 2 5 
[p41]
7104
1 1 1 1 1 1 1 1 1 1 
5 6 4 1 7 9 3 7 8 8 4 9 2 6 2 7 7 3 0 6 6 1 4 1 6 5 5 4 8 5 8 0 0 0 3 9 2 6 6 9 2 7 3 3 3 5 0 5 6 4 1 1 6 6 9 7 2 8 8 8 0 0 1 5 0 6 6 6 4 4 0 4 4 0 7 7 2 2 6 5 7 2 2 7 9 9 9 2 9 2 
[p42]
8135
0 1 1 1 0 1 1 0 1 1 1 1 0 0 0 1 1 1 1 1 
2 10 11 9 15 18 16 3 17 1 11 18 6 10 6 15 15 2 8 10 5 11 9 8 8 8 11 16 17 3 1 19 6 8 10 10 10 15 1 1 1 3 3 16 9 5 8 19 15 15 16 17 1 3 2 5 2 5 10 5 11 11 3 3 11 3 16 15 19 6 10 18 19 19 19 18 18 19 19 19 
[p43]
7852
0 1 1 0 1 1 0 1 0 0 0 0 0 0 0 1 0 0 0 1 0 1 1 1 0 1 1 0 1 0 
4 19 15 23 25 22 26 21 1 5 5 23 25 26 15 15 21 15 21 7 25 26 22 22 22 2 28 4 4 4 5 2 2 2 19 22 7 7 21 15 4 1 28 23 5 25 26 22 26 15 21 7 25 15 4 15 19 22 2 28 5 1 1 5 28 5 23 1 28 28 
[p44]
7587
1 1 1 1 1 1 1 1 1 1 
4 4 4 4 4 4 4 4 6 0 0 6 0 0 0 0 1 7 1 8 8 1 1 2 2 2 2 2 2 2 2 3 3 3 3 3 3 3 3 3 4 0 6 1 2 8 7 5 9 9 7 6 5 5 8 8 7 7 8 5 5 5 9 3 0 6 6 1 6 0 4 7 9 7 7 1 6 6 5 2 7 9 9 9 9 9 6 5 7 5 
[p45]
9142
1 1 0 0 0 1 0 1 1 0 0 1 1 1 1 1 1 1 1 1 
0 0 0 0 0 0 0 1 15 15 1 1 1 1 1 12 8 8 7 7 7 11 11 11 11 11 11 12 11 5 5 5 5 5 5 5 5 5 0 0 12 8 11 8 18 16 19 7 15 16 13 13 11 16 18 19 14 15 7 7 12 7 15 17 13 13 8 12 7 7 18 12 13 17 14 17 8 16 7 7 
[p46]
7552
0 1 1 1 0 0 1 0 0 0 1 0 1 0 0 1 0 0 0 0 0 0 0 1 0 0 1 1 1 1 
10 10 10 10 10 10 10 1 12 28 1 1 1 1 1 2 2 3 2 3 2 6 6 6 6 6 6 27 27 27 27 27 29 29 10 2 3 6 3 28 29 3 15 23 6 26 26 27 29 28 29 27 27 23 3 26 27 28 12 26 12 15 28 28 26 27 26 27 15 12 
[p47]
6786
1 1 1 1 1 1 1 1 1 1 
0 9 0 0 0 2 2 1 0 1 1 0 1 2 1 1 1 2 2 2 2 2 2 2 2 2 2 3 3 3 3 3 3 3 3 4 4 4 4 4 4 4 4 4 4 4 4 5 5 5 5 5 5 5 6 6 6 6 6 6 6 6 7 7 6 7 6 0 7 7 7 7 7 7 8 8 0 6 6 8 8 8 8 0 9 9 8 9 9 9 
[p48]
7142
0 1 1 1 1 1 0 1 1 1 1 0 1 1 1 0 1 0 1 0 
1 1 1 1 1 4 1 1 1 2 3 2 2 3 3 4 4 4 5 5 5 5 5 5 7 7 7 7 7 7 7 8 8 8 8 8 8 8 9 9 9 9 10 10 10 10 10 10 12 13 12 13 13 12 13 14 14 12 14 12 4 14 14 14 14 16 16 16 16 16 16 16 16 18 18 18 18 18 18 18 
[p49]
7616
0 1 1 0 1 0 0 0 0 1 1 0 0 1 0 0 1 0 1 0 1 0 0 0 1 0 1 1 1 0 
1 1 1 2 1 2 2 2 4 4 4 4 4 2 2 2 9 2 2 2 9 10 9 10 9 10 10 13 13 13 13 13 13 13 13 13 16 16 16 16 16 16 20 20 18 20 18 20 24 18 24 18 1 24 24 24 24 24 24 26 26 26 26 26 27 27 28 28 28 28 
[p50]
10009
1 1 1 1 1 1 1 1 1 1 
3 6 3 0 2 1 5 5 3 7 7 4 1 1 0 9 9 5 5 3 0 0 6 4 0 0 8 4 4 7 7 7 3 3 3 5 1 9 0 6 0 9 1 1 5 5 5 5 5 3 3 5 6 0 0 0 9 6 1 2 9 7 7 7 3 3 0 4 8 7 3 6 6 0 6 4 4 3 3 4 3 5 2 9 2 2 6 7 2 7 9 2 2 2 9 1 9 9 9 2 
[p51]
9897
1 1 1 0 0 1 1 1 0 0 1 0 1 0 1 1 0 1 1 1 
15 6 19 10 12 18 5 5 15 1 5 14 6 18 6 18 12 5 2 15 0 0 10 14 14 14 7 19 19 7 1 1 17 19 15 5 18 18 10 0 0 6 6 18 12 5 5 5 5 17 15 2 0 14 14 10 6 6 18 12 12 5 1 5 15 15 10 19 7 7 15 0 0 0 10 19 19 19 19 19 19 5 12 12 18 18 6 2 12 1 18 18 18 18 18 18 18 18 18 18 
[p52]
9706
0 1 0 1 1 1 1 1 1 1 
7 7 7 7 7 7 7 7 3 4 4 4 3 4 4 4 4 8 8 8 8 3 3 8 3 5 9 9 9 9 5 9 9 5 6 6 6 6 6 6 6 6 6 6 7 7 4 8 8 5 5 3 4 6 7 5 3 3 3 4 6 9 5 5 3 3 9 6 4 7 9 6 4 3 3 5 3 4 7 1 6 3 3 1 5 3 3 7 5 3 9 5 9 1 5 1 3 4 3 7 
[p53]
10646
0 1 1 1 0 1 1 1 0 1 0 0 1 1 0 1 0 1 1 1 
5 5 5 5 5 5 5 5 19 19 19 7 7 7 7 7 7 13 13 12 12 13 13 12 12 15 9 9 9 15 9 9 9 9 18 18 18 18 18 18 18 18 18 18 5 5 7 12 12 15 15 3 7 18 5 15 3 3 1 6 18 2 15 12 3 13 9 18 6 5 17 18 6 3 3 15 3 6 6 2 18 19 13 15 15 3 1 6 15 3 2 2 17 17 2 17 1 6 1 5 
[p54]
10288
1 1 1 1 1 1 1 1 1 1 
7 7 7 7 7 7 7 2 2 2 2 2 2 2 2 2 2 2 2 1 1 1 1 3 1 1 3 3 3 3 3 3 3 3 3 3 3 3 3 6 6 6 8 6 6 8 6 8 3 8 8 3 6 8 6 6 6 6 6 6 6 5 5 6 5 5 5 6 6 4 0 6 0 0 9 0 0 0 0 0 4 0 0 4 4 4 4 4 4 4 4 9 4 9 4 9 9 9 9 2 
[p55]
9900
1 0 1 0 1 0 1 1 1 1 0 1 0 1 0 1 1 1 1 0 
17 17 16 17 16 4 4 4 8 8 8 8 2 8 8 2 2 2 8 6 6 6 2 6 6 2 6 2 6 6 6 0 6 6 6 6 6 6 6 7 7 7 0 7 0 0 0 0 0 0 0 0 7 7 7 7 7 7 7 7 11 11 9 11 11 11 11 7 11 13 9 11 9 11 17 13 9 13 9 9 13 15 15 15 15 15 15 15 15 15 15 18 18 18 18 17 18 18 18 18 
[p56]
23555
1 1 1 1 1 1 1 1 1 1 1 1 1 0 1 1 1 1 1 1 1 1 1 1 1 1 1 0 1 0 
18 19 21 22 2 12 15 28 22 28 4 28 10 1 28 18 1 20 22 0 18 16 5 24 10 18 24 19 4 2 19 19 4 16 28 6 20 8 24 16 18 9 6 4 8 19 3 21 19 14 24 16 24 16 8 6 11 9 18 25 4 0 7 8 3 11 5 14 28 25 18 12 19 9 23 23 20 5 8 16 10 0 9 25 4 10 6 5 24 7 28 6 25 25 2 3 11 6 0 28 28 15 25 18 4 0 4 24 22 3 19 4 18 12 12 8 28 7 17 8 26 11 17 19 26 16 2 11 26 17 28 24 25 20 23 9 3 3 28 10 12 22 11 11 25 5 24 15 18 25 0 17 23 0 8 11 2 15 3 3 1 0 10 24 5 24 5 4 3 21 1 20 19 14 26 2 0 10 4 10 5 21 2 19 12 8 28 23 0 21 2 21 6 4 7 12 7 15 10 19 
[p57]
30850
1 0 1 1 1 1 1 1 1 1 1 1 0 1 1 0 1 1 1 1 1 1 1 1 1 1 1 1 1 0 
18 19 21 27 2 6 21 27 22 28 4 28 13 13 28 18 3 20 22 0 18 16 5 24 10 18 27 19 4 2 19 19 4 16 27 6 20 8 24 16 18 9 6 4 8 19 13 21 19 14 24 16 24 16 8 6 11 9 18 25 4 0 7 8 13 11 5 14 28 25 18 6 19 9 23 23 20 23 8 16 10 0 9 25 4 13 6 5 27 7 28 6 25 25 2 3 11 6 0 28 28 21 25 18 4 0 4 24 22 3 19 4 27 6 11 8 28 7 17 8 26 11 17 19 26 16 2 11 26 17 28 24 25 20 23 9 3 3 28 10 11 22 11 11 25 5 24 21 27 25 24 17 23 0 8 11 2 16 3 13 13 27 10 24 5 27 5 4 3 21 5 20 19 14 26 2 0 10 4 10 5 21 2 19 11 8 28 23 0 21 2 21 6 4 7 6 7 21 10 19 
[p58]
50503
1 1 1 1 1 1 1 0 1 1 1 1 1 0 1 0 1 1 1 1 1 1 1 1 1 1 1 1 1 1 
18 19 21 27 2 12 21 27 22 28 4 28 10 1 28 18 1 20 22 0 18 16 5 24 10 18 27 19 29 2 19 19 4 16 27 6 20 8 24 16 18 9 6 4 8 19 3 21 19 14 24 16 24 16 8 6 11 9 18 25 29 0 18 8 3 11 5 14 28 25 18 12 19 9 5 23 20 23 8 16 10 0 9 25 29 10 6 5 27 25 28 6 25 25 2 3 11 6 0 28 28 21 25 18 4 0 4 24 22 3 19 4 27 12 12 8 28 25 17 8 26 11 17 19 26 16 2 11 26 17 28 24 25 20 23 9 3 3 28 10 12 22 12 11 25 5 16 21 27 25 24 17 23 0 8 11 2 16 3 3 1 27 10 24 5 27 5 4 3 21 1 20 19 14 26 2 0 10 29 10 5 21 2 19 12 8 28 23 17 21 2 21 6 4 25 12 25 21 23 19 
[p59]
38128
1 0 1 1 1 1 1 1 1 1 1 1 1 1 1 1 1 1 1 1 1 1 1 1 1 1 1 1 1 1 
18 19 2 27 2 12 15 27 22 28 4 28 13 13 28 18 3 20 22 0 18 16 5 24 10 18 27 19 29 2 19 19 4 16 27 6 20 8 24 16 18 9 6 4 8 19 13 21 19 14 24 16 24 16 8 6 11 9 18 25 29 0 7 8 13 11 5 14 28 25 18 12 19 9 23 23 20 23 8 16 10 0 9 25 29 13 6 5 27 7 28 6 25 25 2 3 11 6 0 28 28 15 25 18 4 0 4 24 22 3 19 4 27 12 12 8 28 7 17 8 26 11 17 19 26 16 2 11 26 17 28 24 25 20 23 9 3 3 28 10 12 22 11 11 25 5 24 15 27 25 24 17 23 0 8 11 2 15 3 13 13 27 10 24 5 27 5 4 3 21 5 20 19 14 26 2 0 10 29 10 5 21 2 19 12 8 28 23 0 21 2 21 6 4 7 12 7 15 10 19 
[p60]
23346
1 0 1 1 1 1 1 1 1 1 1 1 1 1 1 1 1 1 1 1 1 1 1 0 1 1 1 1 1 1 
18 19 21 27 2 12 15 27 22 28 4 28 13 13 28 18 3 20 22 0 18 16 5 24 10 18 27 19 29 2 19 19 4 16 27 6 20 8 24 16 18 9 6 4 8 19 13 21 19 14 24 16 24 16 8 6 11 9 18 7 29 0 7 8 13 11 5 14 28 25 18 12 19 9 5 13 20 5 8 16 10 0 9 25 29 13 6 5 27 7 28 6 25 25 2 3 11 6 0 28 28 15 25 18 4 0 4 24 22 3 19 4 27 12 12 8 28 7 17 8 26 11 17 19 26 16 2 11 26 17 28 24 25 20 5 9 3 3 28 10 12 22 11 11 25 5 24 15 27 25 24 17 10 0 8 11 2 15 3 13 13 27 10 24 5 27 5 4 3 21 5 20 19 14 26 2 0 10 29 10 5 21 2 19 12 8 28 10 0 21 2 21 6 4 7 12 7 15 10 19 
[p61]
31061
1 1 1 0 1 1 1 0 1 1 1 1 1 1 1 0 1 1 1 1 1 1 1 1 1 1 1 1 1 0 
18 19 21 27 2 12 21 27 22 28 4 28 13 1 28 18 1 20 22 0 18 16 5 24 10 18 27 19 4 2 19 19 4 16 27 6 20 8 24 16 18 9 6 4 8 19 13 21 19 14 24 16 24 16 8 6 11 9 18 25 4 0 18 8 13 11 5 14 28 25 18 12 19 9 23 23 20 23 8 16 10 0 9 25 4 13 6 5 27 25 28 6 25 25 2 13 11 6 0 28 28 21 25 18 4 0 4 24 22 13 19 4 27 12 12 8 28 25 17 8 26 11 17 19 26 21 2 11 26 17 28 24 25 20 23 9 1 13 28 10 12 22 11 11 25 5 24 21 27 25 24 17 23 0 8 11 2 16 13 13 13 27 10 24 5 27 5 4 1 21 1 20 19 14 26 2 0 10 4 10 5 21 2 19 12 8 28 23 0 21 2 21 6 4 25 12 25 21 10 19 
[p62]
51332
1 0 1 1 1 1 1 1 1 1 1 1 1 1 1 0 1 1 1 1 1 1 1 1 1 1 1 1 1 1 
18 19 21 27 2 12 21 27 22 28 4 28 13 13 28 18 3 20 22 0 18 16 5 24 10 18 27 19 29 2 19 19 4 16 27 6 20 8 24 16 18 9 6 4 8 19 13 21 19 14 24 16 24 16 8 6 11 9 18 25 29 0 7 8 13 11 5 14 28 25 18 12 19 9 23 23 20 23 8 16 10 0 9 25 29 13 6 5 27 7 28 6 25 25 2 3 11 6 0 28 28 21 25 18 4 0 4 24 22 3 19 4 27 12 12 8 28 7 17 8 26 11 17 19 26 16 2 11 26 17 28 24 25 20 23 9 3 3 28 10 12 22 11 11 25 5 24 21 27 25 24 17 23 0 8 11 2 16 3 13 13 27 10 24 5 27 5 4 3 21 5 20 19 14 26 2 0 10 29 10 5 21 2 19 12 8 28 23 0 21 2 21 6 4 7 12 7 21 10 19 
[p63]
34715
1 1 1 0 1 1 1 1 1 1 1 1 1 0 1 0 0 1 1 1 1 1 0 1 1 1 0 1 1 1 
18 19 21 27 2 12 21 27 18 28 4 28 10 1 28 18 1 20 27 0 18 21 5 24 10 18 27 19 29 2 19 19 4 21 27 6 20 8 24 21 18 9 6 4 8 19 8 21 19 14 24 24 24 21 8 6 11 9 18 7 29 0 7 8 20 11 5 14 28 25 18 12 19 9 23 23 20 23 8 24 10 0 9 25 29 10 6 5 27 7 28 6 25 25 2 1 11 6 0 28 28 21 25 18 4 0 4 24 27 1 19 4 27 12 12 8 28 7 17 8 9 11 17 19 9 21 2 11 19 17 28 24 25 20 23 9 1 8 28 10 12 27 11 11 25 5 24 21 27 25 24 17 23 0 8 11 2 21 8 1 1 27 10 24 5 27 5 4 1 21 1 20 19 14 4 2 0 10 29 10 5 21 2 19 12 8 28 23 0 21 2 21 6 4 7 12 7 21 10 19 
[p64]
22865
1 0 1 1 1 1 1 1 1 1 1 1 1 1 1 1 0 1 1 1 0 1 0 1 1 1 0 1 1 1 
18 19 21 27 2 12 15 27 18 28 4 28 13 13 28 18 3 10 27 0 18 21 5 24 10 18 27 19 29 2 19 19 4 21 27 6 8 8 24 15 18 9 6 4 8 19 13 21 19 14 24 24 24 21 8 6 11 9 18 7 29 0 7 8 13 11 5 14 28 25 18 12 19 9 23 23 10 23 8 24 10 0 9 25 29 13 6 5 27 7 28 6 25 25 2 3 11 6 0 28 28 15 25 18 4 0 4 24 27 3 19 4 27 12 12 8 28 7 17 8 9 11 17 19 9 21 2 11 19 17 28 24 25 10 23 9 3 3 28 10 12 27 11 11 25 5 24 15 27 25 24 17 23 0 8 11 2 15 3 13 13 27 10 24 5 27 5 4 3 21 5 8 19 14 4 2 0 10 29 10 5 21 2 19 12 8 28 23 0 21 2 21 6 4 7 12 7 15 10 19 
[p65]
32418
1 1 1 1 1 1 1 1 1 1 1 1 1 1 1 0 1 1 1 1 1 1 1 1 1 1 1 1 1 1 
18 19 21 27 2 12 21 27 22 28 4 28 10 1 28 18 1 20 22 0 18 16 5 24 10 18 27 19 29 2 19 19 4 16 27 6 20 8 24 16 18 9 6 4 8 19 13 21 19 14 24 16 24 16 8 6 11 9 18 25 29 0 7 8 13 11 5 14 28 25 18 12 19 9 23 23 20 23 8 16 10 0 9 25 29 13 6 5 27 7 28 6 25 25 2 3 11 6 0 28 28 16 25 18 4 0 4 24 22 3 19 4 27 12 12 8 28 7 17 8 26 11 17 19 26 16 2 11 26 17 28 24 25 20 23 9 3 3 28 10 12 22 11 11 25 5 24 21 27 25 24 17 23 0 8 11 2 16 3 13 13 27 10 24 5 27 5 4 3 21 1 20 19 14 26 2 0 10 29 10 5 21 2 19 12 8 28 23 0 21 2 21 6 4 7 12 7 21 10 19 
[p66]
52710
1 1 1 0 1 1 1 1 1 1 1 1 1 1 1 1 1 1 1 1 1 1 1 1 1 1 1 1 1 1 
18 19 21 27 2 12 15 27 22 28 4 28 13 1 28 18 1 20 22 0 18 16 5 24 10 18 27 19 29 2 19 19 4 16 27 6 20 8 24 16 18 9 6 4 8 19 13 21 19 14 24 16 24 16 8 6 11 9 18 7 29 0 7 8 13 11 5 14 28 25 18 12 19 9 23 23 20 23 8 16 10 0 9 25 29 13 6 5 27 7 28 6 25 25 2 13 11 6 0 28 28 15 25 18 4 0 4 24 22 13 19 4 27 12 12 8 28 7 17 8 26 11 17 19 26 16 2 11 26 17 28 24 25 20 23 9 1 13 28 10 12 22 11 11 25 5 24 15 27 25 24 17 23 0 8 11 2 15 13 13 13 27 10 24 5 27 5 4 1 21 1 20 19 14 26 2 0 10 29 10 5 21 2 19 12 8 28 23 0 21 2 21 6 4 7 12 7 15 10 19 
[p67]
37275
1 0 1 1 1 1 1 1 1 1 1 1 1 1 1 1 1 1 1 1 1 1 1 1 1 1 0 1 1 0 
18 19 21 22 2 12 15 27 22 28 4 28 13 13 28 18 3 20 22 0 18 16 5 24 10 18 27 19 4 2 19 19 4 16 27 6 20 8 24 15 18 9 6 4 8 19 13 21 19 14 24 16 24 16 8 6 11 9 18 25 4 0 7 8 13 11 5 14 28 25 18 12 19 9 23 23 20 23 8 16 10 0 9 25 4 13 19 5 27 7 28 6 25 25 2 3 27 6 0 28 28 15 25 18 4 0 4 24 22 3 19 4 27 12 12 8 28 7 17 8 9 11 17 19 9 16 2 11 19 17 28 24 25 20 23 9 3 3 28 10 12 22 11 11 25 5 24 15 27 25 24 17 23 0 8 11 2 15 3 13 13 27 10 24 5 27 5 4 3 21 5 20 19 14 4 2 0 10 4 10 5 21 2 19 12 8 28 23 0 21 2 21 6 4 7 12 7 15 10 19 
[p68]
23298
1 1 0 0 1 1 1 1 1 1 1 1 1 1 1 1 1 1 1 1 1 1 1 1 1 1 0 1 1 1 
18 19 21 27 21 12 15 27 22 28 4 28 13 1 28 18 1 20 22 0 18 16 5 24 10 18 27 19 29 21 19 19 4 16 27 6 20 8 24 16 18 9 6 4 8 19 13 21 19 14 24 16 24 16 8 6 11 9 18 25 29 0 7 8 13 11 5 14 28 25 18 12 19 9 23 23 20 23 8 16 10 0 9 25 29 13 6 5 27 7 28 6 25 25 0 13 11 6 0 28 28 15 25 18 4 0 4 24 22 13 19 4 27 12 12 8 28 7 17 8 9 11 17 19 9 16 21 11 19 17 28 24 25 20 23 9 1 13 28 10 12 22 11 11 25 5 24 15 27 25 24 17 23 0 8 11 5 15 13 13 13 27 10 24 5 27 5 4 1 21 1 20 19 14 4 21 0 10 29 10 5 21 21 19 12 8 28 23 0 21 21 21 6 4 7 12 7 15 10 19 
[p69]
30830
1 0 1 1 1 1 1 0 1 0 1 1 1 1 0 1 1 1 1 1 1 1 1 1 1 1 1 1 1 1 
18 19 21 27 2 12 15 27 22 28 4 28 13 13 28 18 3 20 22 0 18 16 5 24 10 18 27 19 29 2 19 19 4 16 27 6 20 8 24 16 18 8 6 4 8 19 13 21 19 20 24 16 24 16 8 6 11 8 18 25 29 0 25 8 13 11 5 17 28 25 18 12 19 8 23 23 10 23 8 16 10 0 26 25 29 13 6 5 27 25 28 6 25 25 2 3 11 6 0 28 28 15 25 18 4 0 4 24 22 3 19 4 27 12 12 8 28 25 17 8 26 11 17 19 26 16 2 11 26 17 28 24 25 20 23 8 3 3 28 10 12 22 11 11 25 5 24 15 27 25 24 17 23 0 8 11 2 15 3 13 13 27 10 24 5 27 5 4 3 21 5 20 19 10 26 2 0 10 29 10 5 21 2 19 12 8 28 23 0 21 2 21 6 4 25 12 25 15 10 19 
[p70]
46850
1 0 1 0 1 1 1 1 1 1 1 0 1 1 0 1 0 1 1 1 1 1 0 1 1 1 1 1 1 1 
18 19 21 27 2 12 15 27 18 28 4 28 13 13 28 18 13 20 27 0 18 21 5 24 10 18 27 19 29 2 19 19 4 21 27 6 20 8 24 15 18 9 6 4 8 19 13 21 19 20 24 24 24 21 8 6 25 9 18 25 29 0 7 8 13 25 5 17 19 25 18 12 19 9 23 23 20 23 8 24 10 0 9 25 29 13 6 5 27 7 28 6 25 25 2 13 28 6 0 28 28 15 25 18 4 0 4 24 27 13 19 4 27 12 12 8 28 7 17 8 26 25 17 19 26 21 2 12 26 17 28 24 25 20 23 9 13 13 28 10 12 27 12 25 25 5 24 15 27 25 24 17 23 0 8 28 2 15 13 13 13 27 10 24 5 27 5 4 13 21 5 20 19 10 26 2 0 10 29 10 5 21 2 19 12 8 28 23 0 21 2 21 6 4 7 12 7 15 10 19 
[p71]
36736
1 0 1 0 1 1 1 1 1 1 1 1 1 1 1 1 1 1 1 0 1 1 1 1 1 1 1 1 1 1 
18 6 21 27 2 12 15 27 22 28 4 28 13 13 28 18 13 20 22 0 18 16 5 24 10 18 27 14 29 2 6 26 4 16 27 6 20 8 24 16 18 9 6 4 8 26 13 21 14 14 24 16 24 16 8 6 11 9 18 7 29 0 7 8 13 11 5 14 28 25 18 12 6 9 23 23 20 23 8 16 10 0 9 25 29 13 6 5 27 7 28 6 25 25 2 13 11 6 0 28 28 15 25 18 4 0 4 24 22 13 14 4 27 12 12 8 28 7 17 8 26 11 17 6 26 16 2 11 26 17 28 24 25 20 23 9 13 13 28 10 12 22 11 11 25 5 24 15 27 25 24 17 23 0 8 11 2 15 13 13 13 27 10 24 5 27 5 4 13 21 5 20 28 14 26 2 0 10 29 10 5 21 2 6 12 8 28 23 0 21 2 21 6 4 7 12 7 15 10 6 
