[p1]
9590
1 1 1 1 1 1 1 1 0 0 
2 2 1 6 3 0 2 4 4 1 4 0 3 2 0 3 4 0 6 7 3 7 6 4 2 5 1 5 0 5 2 6 0 3 4 4 4 3 0 4 1 0 1 5 7 0 4 0 4 3 
[p2]
8304
1 1 1 1 1 1 1 1 1 0 
0 8 1 6 3 8 2 4 4 1 4 3 3 2 8 0 4 0 6 7 3 8 6 4 2 5 1 5 0 5 2 6 0 3 4 4 4 3 0 4 1 8 1 5 7 0 4 0 4 3 
[p3]
11231
1 0 1 1 0 1 0 1 1 1 
0 2 5 5 3 0 2 9 7 5 9 8 3 2 8 3 2 2 9 7 0 7 9 7 5 5 3 5 0 5 2 5 0 8 9 9 9 3 0 2 3 8 3 5 7 0 2 0 7 3 
[p4]
11979
1 1 1 1 1 0 0 0 1 1 
2 2 1 9 3 0 2 4 2 3 9 8 3 8 8 3 4 0 9 4 1 4 9 4 2 2 3 1 0 1 2 9 0 3 9 4 4 3 0 4 3 8 1 2 4 0 4 0 2 0 
[p5]
9443
1 1 1 1 1 1 0 1 1 1 
8 8 1 5 3 8 2 9 2 1 9 8 3 2 8 3 4 0 9 7 3 7 9 7 2 5 1 5 8 5 2 5 0 3 9 4 4 3 0 4 1 8 1 5 7 0 4 0 4 0 
[p6]
8166
1 1 1 1 1 1 1 1 1 1 
8 8 1 6 3 8 2 4 4 1 9 8 3 2 8 3 4 0 9 7 3 8 6 4 2 5 1 5 0 5 2 6 0 3 9 7 4 3 0 2 1 8 1 5 7 3 4 0 4 0 
[p7]
9912
1 1 1 1 1 1 1 1 1 0 
8 8 1 6 3 8 2 4 2 1 4 8 3 2 8 3 4 0 6 7 3 8 6 4 2 5 1 5 0 5 2 6 0 3 2 7 4 3 0 4 1 8 1 5 7 0 4 3 7 0 
[p8]
11994
1 1 1 1 1 1 0 1 1 1 
8 8 1 5 3 8 2 4 4 1 9 8 3 2 8 3 4 0 9 7 3 8 9 4 2 5 1 5 0 5 2 5 0 3 9 7 7 3 0 4 1 8 1 5 7 0 4 0 4 1 
[p9]
8951
1 1 1 0 1 1 1 1 1 0 
8 8 1 6 1 8 2 4 4 1 4 8 0 2 8 1 4 0 6 7 1 8 6 4 2 5 1 5 0 5 2 6 0 0 4 4 4 0 0 4 1 8 1 5 7 0 4 0 4 0 
[p10]
7966
1 1 1 0 1 1 0 1 1 1 
8 8 1 5 1 8 2 4 4 1 9 8 0 2 8 0 4 0 9 7 1 8 9 4 2 5 1 5 0 5 2 5 0 0 9 4 4 0 8 4 1 8 1 5 7 0 4 0 4 0 
[p11]
10337
1 1 0 0 1 0 0 1 1 1 
8 8 1 9 1 8 4 4 7 1 9 8 0 4 8 0 4 0 9 7 1 8 1 4 1 9 1 1 0 1 4 9 0 0 9 4 4 0 8 9 1 8 1 9 7 0 9 0 4 0 
[p12]
11254
1 1 0 0 1 1 0 1 1 0 
8 8 1 5 1 8 4 4 4 1 4 8 0 8 8 0 4 0 5 7 1 8 5 7 5 5 1 5 0 5 4 5 0 0 4 4 7 0 0 4 1 8 1 5 7 0 4 0 4 8 
[p13]
9241
1 1 0 1 1 1 1 0 0 0 1 0 1 1 0 1 0 1 0 0 
0 12 10 10 1 12 17 13 12 17 15 4 1 6 13 3 15 10 4 6 12 15 15 13 6 17 0 17 1 17 13 15 13 0 3 10 3 1 1 13 6 0 5 0 3 5 12 10 4 6 
[p14]
7923
1 0 1 1 0 0 1 0 1 0 1 0 0 0 1 1 0 1 1 1 
0 3 10 10 19 18 17 18 14 17 15 19 19 6 2 3 15 10 17 6 14 15 15 19 6 17 0 17 3 17 2 14 2 0 3 10 3 19 19 2 6 15 0 0 8 15 14 10 19 8 
[p15]
11130
0 0 1 0 1 0 1 1 1 0 1 1 0 0 0 1 1 0 0 0 
16 11 10 10 4 7 11 2 7 4 15 4 4 6 2 11 7 10 4 6 15 15 15 4 6 4 16 11 11 4 2 7 2 16 11 10 11 2 2 15 6 16 15 16 8 15 7 10 2 8 
[p16]
11876
1 1 0 0 1 1 1 0 0 0 1 0 0 0 1 0 0 1 1 0 
0 14 10 10 1 18 17 18 14 17 5 4 1 6 18 14 5 10 4 6 14 5 5 18 6 17 0 17 1 17 18 14 18 0 1 10 17 1 1 18 6 0 5 0 6 5 14 10 4 6 
[p17]
9314
0 0 0 0 0 1 1 0 1 0 1 0 1 1 0 1 0 1 0 1 
10 12 10 10 19 12 17 13 12 17 15 19 19 6 13 12 15 10 17 6 12 15 15 19 6 19 5 17 12 17 13 15 13 5 17 10 8 12 19 13 6 5 5 15 8 5 12 10 19 8 
[p18]
8347
0 1 1 0 0 1 0 1 0 0 1 1 0 0 1 1 1 1 0 1 
16 1 7 10 1 15 17 2 14 17 15 19 1 10 2 11 15 10 17 11 14 15 15 19 10 17 16 17 1 17 2 7 2 16 1 10 11 19 19 2 10 16 5 16 11 5 14 7 19 11 
[p19]
10072
0 1 0 1 0 0 0 0 0 0 1 0 1 0 0 1 1 1 1 0 
16 12 10 10 1 18 17 18 12 17 15 1 1 10 18 3 15 10 17 10 12 15 15 18 10 17 16 17 1 17 18 15 18 16 3 10 3 1 1 18 12 16 15 16 3 15 12 12 1 3 
[p20]
12342
1 0 0 0 1 1 0 0 0 1 1 0 1 1 0 0 0 0 0 1 
0 12 10 10 19 12 4 13 10 4 5 4 19 9 13 12 5 10 19 9 12 5 5 19 9 4 0 4 12 4 13 10 13 0 12 9 9 19 19 13 10 0 5 0 9 5 12 10 19 12 
[p21]
9653
0 1 1 0 0 0 1 0 0 0 1 1 1 1 1 1 1 0 0 0 
16 12 10 10 1 12 1 13 14 11 15 1 1 6 13 11 15 10 1 6 12 15 15 2 6 11 16 1 1 11 13 15 2 16 1 10 11 12 1 13 6 16 15 16 11 13 14 10 2 6 
[p22]
7959
0 0 0 1 1 1 1 0 0 1 1 1 1 1 0 1 1 0 0 1 
16 12 10 10 19 12 3 13 12 4 15 4 19 6 13 3 15 10 4 9 12 15 15 19 6 4 16 3 3 4 13 15 13 16 3 10 11 19 19 13 6 16 5 16 11 5 12 10 19 9 
[p23]
10043
1 0 0 1 1 1 0 1 0 1 0 0 1 1 0 0 0 0 0 1 
0 12 7 7 19 12 3 13 12 4 7 4 19 9 13 3 5 7 4 9 12 5 7 19 9 4 0 3 3 4 13 7 13 0 3 7 3 19 19 13 9 0 5 0 3 5 12 7 19 9 
[p24]
11317
1 0 0 1 0 0 0 0 0 1 0 0 0 1 0 1 0 1 0 1 
0 3 0 0 19 15 17 13 3 17 15 19 19 9 13 3 15 15 17 9 15 15 15 19 9 17 0 17 3 17 13 15 13 13 3 9 3 19 19 13 9 0 0 0 3 13 15 9 19 9 
[p25]
14593
1 0 1 0 0 1 0 1 0 1 0 1 0 1 1 0 0 1 0 1 1 0 0 0 1 0 0 1 0 1 
20 11 20 2 20 5 2 24 14 17 24 20 20 20 19 14 14 17 5 11 2 0 5 17 5 20 19 24 5 24 5 11 20 11 20 20 24 24 0 14 0 14 24 14 24 14 7 13 27 14 29 14 14 5 20 20 17 11 11 14 0 5 20 11 11 11 24 0 24 24 20 20 11 0 24 20 9 20 14 24 20 7 13 0 19 17 17 7 20 5 2 24 7 11 17 9 2 19 29 13 20 17 14 11 2 29 17 11 14 14 14 14 2 11 11 27 24 24 24 24 5 20 11 13 20 0 5 9 0 29 0 11 24 5 20 14 17 5 20 17 0 20 20 14 20 27 11 5 2 5 
[p26]
13196
1 0 1 0 0 1 0 1 1 1 0 1 0 1 1 1 0 1 0 1 1 1 0 0 1 1 0 1 0 0 
20 11 13 2 20 5 2 24 14 0 9 8 8 20 19 14 14 0 5 11 2 0 5 17 5 8 19 24 5 24 5 25 20 25 20 20 24 15 0 14 0 14 15 8 24 14 0 13 27 8 5 14 14 5 13 20 17 27 11 14 0 5 20 11 11 11 24 0 9 24 20 20 11 0 24 8 24 20 14 24 20 7 20 17 19 17 17 7 20 5 2 24 17 11 17 5 2 19 21 13 8 17 14 25 2 25 17 11 14 8 14 14 2 11 11 21 24 24 24 24 5 8 25 13 8 0 5 24 0 21 0 11 24 5 8 14 17 5 20 17 0 8 20 14 8 25 25 5 2 5 
[p27]
16319
1 0 1 0 0 1 0 1 1 1 0 1 0 1 1 0 0 1 1 0 1 0 0 0 0 1 0 0 1 1 
20 11 20 2 20 5 2 9 14 17 9 8 8 20 17 14 14 17 25 11 2 0 5 2 5 8 2 5 9 9 5 25 13 25 20 20 5 9 0 14 0 14 9 28 5 14 0 13 11 8 29 14 14 5 20 20 17 11 0 14 0 5 20 11 11 11 9 0 9 9 20 20 11 0 9 8 9 20 14 9 20 7 20 0 17 17 17 7 20 5 2 9 7 0 7 9 2 14 25 18 8 7 17 25 14 29 7 11 14 28 14 14 2 11 11 25 5 9 5 5 5 8 25 13 18 0 5 9 0 25 0 11 9 5 8 14 17 25 20 17 0 8 20 14 8 25 25 5 2 5 
[p28]
19826
1 1 1 0 1 1 0 1 1 0 0 1 0 0 1 0 0 1 0 0 0 0 0 0 1 0 0 1 0 1 
8 11 8 2 14 5 14 24 14 17 24 8 8 8 2 14 17 0 5 11 2 0 5 17 5 8 2 24 5 24 5 11 8 11 8 8 24 24 0 14 0 14 24 8 24 14 4 8 27 8 29 14 2 5 8 14 17 27 11 14 0 5 8 11 11 11 24 0 5 24 8 8 11 0 24 8 24 8 1 24 8 7 8 0 2 17 17 4 8 5 14 24 17 11 17 24 2 2 29 8 8 17 14 11 14 29 17 11 8 8 14 1 2 11 11 27 24 24 24 24 5 14 11 14 8 0 5 24 0 29 0 11 24 5 14 14 7 5 8 17 0 8 8 14 14 27 11 5 2 5 
[p29]
15797
1 0 1 0 0 1 1 1 0 1 0 1 0 1 1 0 1 1 0 1 1 0 0 0 1 1 0 0 1 1 
20 11 20 2 20 5 2 24 14 17 24 16 28 20 19 14 14 17 5 11 2 0 5 17 5 20 19 5 5 24 29 25 6 25 20 20 24 9 0 14 0 14 24 28 24 14 7 13 25 28 29 14 14 5 13 20 17 11 11 14 0 5 20 11 11 11 9 0 5 24 20 6 11 17 9 28 24 20 14 24 13 7 13 0 17 17 17 7 20 29 2 24 17 11 17 5 2 19 25 16 28 17 17 25 2 29 17 11 28 28 14 14 2 11 11 25 24 24 24 24 5 28 25 13 16 0 5 9 0 29 0 11 9 5 28 14 7 29 13 17 0 28 20 14 20 25 25 5 2 5 
[p30]
13222
1 0 1 0 0 1 1 1 1 1 0 1 0 1 1 1 0 1 0 0 1 0 0 0 1 1 0 1 0 1 
20 11 13 2 20 5 2 24 14 17 9 8 8 20 17 14 14 0 5 11 2 0 5 17 5 8 2 24 24 24 5 25 6 25 20 20 24 15 0 14 0 14 15 8 24 14 7 13 27 8 29 2 14 5 20 20 17 27 0 14 0 5 20 11 11 11 9 0 24 9 20 6 11 17 24 8 9 20 14 24 20 7 13 17 17 17 17 7 20 29 2 9 17 11 17 5 2 2 25 20 8 17 17 25 2 29 17 11 14 8 14 14 2 11 11 25 24 24 24 24 5 8 25 13 8 0 5 9 0 25 0 11 24 5 8 14 7 5 13 17 0 8 20 14 8 25 25 5 2 5 
[p31]
17804
1 0 1 1 0 1 0 1 1 0 0 1 0 0 1 0 0 1 0 1 1 0 0 0 1 1 0 1 0 1 
2 11 20 2 20 5 2 24 14 17 24 8 2 20 3 2 14 17 25 11 2 0 5 3 24 8 19 24 5 24 5 25 8 25 8 14 24 25 0 14 0 14 24 20 24 14 0 8 27 14 29 14 14 11 8 8 17 27 0 14 0 5 20 11 11 11 24 0 5 5 20 8 11 17 24 20 29 20 2 25 20 7 14 17 19 17 17 7 20 29 2 24 17 11 17 5 2 3 25 20 8 17 17 25 2 29 17 11 14 8 14 14 2 11 11 25 11 5 24 24 5 8 25 20 8 0 5 5 0 29 0 11 24 5 20 14 7 5 8 17 0 20 20 17 8 25 25 11 2 5 
[p32]
21339
1 0 1 0 0 1 0 1 1 0 0 1 0 1 1 0 0 1 0 1 0 0 0 0 1 0 0 1 1 1 
13 0 13 2 13 11 2 24 14 17 24 8 8 8 17 14 0 17 29 11 2 0 24 17 24 8 19 24 24 24 5 5 13 11 8 13 24 29 0 14 0 14 24 28 5 17 7 13 27 8 29 14 14 11 13 13 17 27 11 14 0 5 8 27 11 11 5 0 24 24 13 13 11 17 29 8 24 8 14 29 13 7 8 17 19 17 17 7 8 5 2 24 17 11 17 5 2 2 29 8 8 7 14 11 2 29 17 11 14 28 14 14 2 11 11 27 11 5 5 5 5 8 11 13 8 0 5 5 0 29 0 11 24 29 28 2 17 5 13 17 0 28 8 14 14 27 11 5 2 24 
[p33]
15106
1 0 1 0 0 0 0 1 0 0 0 1 0 0 1 0 1 1 0 0 1 0 1 0 1 1 0 0 1 0 
20 11 20 2 20 11 2 24 14 17 22 16 28 20 17 14 14 17 25 11 2 0 24 17 24 20 2 24 24 24 25 25 20 25 20 20 24 24 0 14 0 14 22 28 24 14 7 20 11 28 25 14 14 11 20 20 17 11 11 14 0 24 20 11 11 11 24 0 22 22 16 20 11 17 25 20 22 20 14 22 20 7 28 17 17 17 17 7 20 25 2 24 17 11 17 24 2 2 25 16 16 17 17 25 2 25 17 11 14 28 14 14 2 11 11 25 11 24 24 24 11 28 25 20 16 0 25 24 0 25 0 11 24 25 28 14 7 25 20 17 0 28 14 14 14 25 25 11 2 24 
[p34]
12424
1 0 1 0 0 1 0 1 1 0 0 1 0 1 1 1 0 1 0 0 1 0 1 0 1 1 0 0 0 1 
20 11 13 2 20 5 2 24 14 17 22 8 8 20 17 14 14 17 5 11 2 0 5 17 5 8 2 24 5 24 5 25 20 25 20 20 24 15 0 14 0 14 15 8 24 14 0 13 11 8 29 14 14 5 20 20 17 11 11 14 0 5 20 11 11 11 24 0 22 22 20 20 11 17 24 8 24 20 14 24 20 7 20 17 17 17 17 7 20 5 2 24 17 11 17 24 2 2 25 13 8 17 17 25 2 29 17 11 14 8 14 14 2 11 11 25 24 24 24 24 5 8 25 13 8 0 5 24 0 25 0 11 24 5 8 14 7 5 20 17 0 8 20 14 8 25 25 5 2 5 
[p35]
15931
1 0 1 0 0 1 0 1 1 1 0 1 0 1 1 1 0 1 0 0 1 1 0 0 1 1 0 0 0 1 
20 11 20 2 20 5 2 24 14 17 9 8 8 20 2 14 14 17 5 11 14 0 5 17 5 8 2 24 5 24 5 25 20 25 20 20 24 15 0 14 0 14 15 8 24 14 7 13 11 8 29 14 14 5 13 20 17 11 0 14 0 5 20 11 11 11 9 0 5 9 20 20 11 17 24 8 9 20 14 24 20 7 13 17 17 17 17 7 20 5 2 24 17 11 17 5 2 2 21 20 8 17 17 25 2 29 17 11 14 8 14 14 2 11 11 21 24 24 24 24 5 8 25 13 8 0 5 24 0 25 0 11 24 5 8 14 17 5 20 17 0 8 20 14 8 25 25 5 2 5 
[p36]
18984
1 0 1 0 0 1 0 1 0 0 0 1 0 1 1 0 1 1 0 0 1 0 0 0 0 1 0 0 0 1 
20 11 13 2 13 11 2 5 14 17 5 16 20 20 17 14 14 17 5 11 2 0 5 17 29 20 2 5 25 5 29 25 20 25 14 20 5 25 0 14 0 14 25 16 11 14 7 13 11 14 29 14 14 5 13 13 17 11 0 14 0 5 20 11 0 11 25 0 5 29 20 20 11 17 25 14 5 20 14 25 20 7 20 17 17 17 17 7 20 5 2 25 17 11 17 5 2 2 25 16 16 17 17 25 2 29 17 11 14 14 14 14 2 11 11 25 5 5 11 5 5 16 25 13 16 0 25 29 0 29 0 11 5 29 20 14 7 5 20 17 0 20 20 14 20 25 25 5 2 5 
[p37]
14537
1 0 1 0 0 1 0 1 1 0 0 1 0 1 1 1 0 1 0 1 1 1 1 0 1 0 0 0 0 1 
20 11 20 2 20 5 2 24 14 17 22 8 8 20 19 14 14 17 5 11 2 0 5 17 5 8 19 24 5 24 5 11 13 11 20 20 24 15 0 14 0 14 15 8 24 14 7 13 11 8 29 14 14 5 20 20 17 11 11 14 0 5 20 11 11 11 24 0 24 22 20 20 11 17 24 8 22 20 14 24 20 7 13 17 19 17 17 7 20 5 2 24 17 11 17 24 2 2 21 20 8 17 17 11 2 29 17 11 14 8 14 14 2 11 11 21 24 24 24 24 5 8 11 13 8 0 5 24 0 29 0 11 24 5 8 14 7 5 20 17 0 8 20 14 8 11 11 5 2 5 
[p38]
12180
1 0 1 0 0 1 0 0 1 1 0 1 0 1 1 0 0 1 0 1 1 0 0 0 1 1 0 1 0 0 
20 11 13 2 20 5 2 24 14 17 9 8 8 20 17 14 14 17 5 11 2 0 5 17 5 8 19 24 5 24 5 25 13 25 20 20 24 24 0 14 0 14 24 8 24 14 0 13 27 8 5 14 14 5 20 20 17 27 0 14 0 5 20 11 11 11 24 0 5 9 20 20 11 17 24 8 9 20 14 24 20 0 20 17 19 17 17 0 20 5 2 24 17 11 17 9 2 19 25 20 8 17 17 25 2 25 17 11 14 8 14 14 2 11 11 25 24 24 24 24 5 8 25 13 8 0 5 9 0 25 0 11 24 5 8 14 17 5 20 17 0 8 20 14 8 25 25 5 2 5 
[p39]
14384
1 0 1 0 0 1 0 1 1 1 0 0 0 0 1 0 0 1 0 0 1 0 0 0 0 1 0 1 0 0 
20 25 20 2 20 5 2 9 14 17 9 8 8 20 17 14 14 17 5 0 2 0 5 17 5 8 2 5 5 9 5 25 20 25 20 20 5 9 0 14 0 14 5 8 5 14 7 20 27 8 5 14 14 5 20 20 17 27 0 14 0 5 20 27 0 25 9 0 9 9 20 20 5 17 9 8 9 20 14 9 20 7 20 17 17 17 17 7 20 5 2 9 17 0 17 5 2 2 25 20 8 17 17 25 2 25 17 0 14 8 14 14 2 0 25 25 5 9 5 5 5 8 25 20 8 0 5 9 0 25 0 27 5 5 8 14 17 5 8 17 0 8 20 14 8 25 25 5 2 5 
[p40]
17912
1 0 1 0 0 1 0 1 0 0 0 1 0 0 1 1 1 1 0 1 1 0 0 0 0 1 0 0 1 0 
20 11 20 2 20 5 2 5 14 17 5 16 28 20 17 14 14 17 5 11 2 0 5 17 5 20 19 5 5 15 5 25 20 25 20 20 5 15 0 14 0 14 15 28 5 14 0 20 11 28 5 14 14 5 20 20 17 11 0 14 0 5 20 11 11 11 5 0 25 5 20 20 11 17 5 20 15 20 14 5 20 7 20 17 17 17 17 7 20 5 2 15 17 11 17 5 2 19 25 16 16 17 17 25 2 25 17 11 14 28 14 14 2 11 11 25 5 15 5 5 5 28 25 20 16 0 5 15 0 25 0 11 5 5 28 14 17 5 20 17 0 28 20 14 20 25 25 5 2 5 
[p41]
6871
1 0 0 0 0 1 1 1 1 1 
5 6 0 6 7 9 7 7 8 8 5 6 9 6 7 7 7 8 0 6 6 6 0 6 6 5 5 0 5 5 0 0 0 0 7 9 7 6 6 9 9 7 7 7 7 5 0 5 6 5 6 6 6 9 7 7 7 8 8 8 0 8 6 5 0 6 6 6 5 5 0 0 5 0 7 7 7 7 6 5 7 9 7 9 7 9 6 9 9 7 
[p42]
7721
0 0 0 0 1 0 0 0 0 0 0 0 0 0 0 0 1 0 0 1 
16 19 4 19 19 19 16 4 16 16 4 19 19 19 19 19 16 4 19 19 19 4 4 19 16 16 4 19 16 4 16 19 19 19 19 19 19 19 16 16 16 4 4 16 4 19 16 16 19 19 16 16 16 4 4 4 16 4 19 19 4 4 4 4 4 4 16 19 4 16 4 19 19 19 16 19 19 19 19 16 
[p43]
7281
0 0 0 0 0 0 0 0 0 0 1 0 0 0 0 1 0 0 1 1 0 0 0 0 0 0 0 0 0 0 
18 19 15 10 19 19 19 19 18 10 10 19 19 19 18 18 15 15 18 19 19 19 19 19 19 19 10 18 10 10 10 10 10 19 19 19 19 18 15 18 18 18 18 10 10 19 19 19 19 15 15 19 19 18 18 18 19 19 19 10 10 18 18 10 18 10 18 18 18 10 
[p44]
8123
0 1 1 1 0 1 1 1 0 1 
5 7 3 3 5 5 5 5 6 6 7 6 6 6 6 6 7 7 1 7 1 1 1 2 2 2 2 2 2 2 2 3 3 3 3 3 3 3 3 3 5 6 1 1 2 1 7 5 9 7 7 6 7 5 9 2 7 7 9 5 5 5 9 3 5 6 6 2 1 5 5 9 9 7 7 9 6 6 7 2 7 9 9 9 9 7 6 7 7 5 
[p45]
9183
0 0 0 1 0 0 0 0 1 0 1 0 0 0 0 0 0 0 1 1 
19 19 19 19 19 19 19 10 10 18 10 18 10 10 10 3 8 3 3 3 3 8 18 3 3 3 3 3 3 19 19 19 19 19 19 19 19 19 19 19 3 3 8 3 18 19 19 3 18 19 3 18 8 18 18 19 19 18 10 10 3 3 18 18 18 3 3 8 10 10 18 3 18 18 8 18 3 19 10 18 
[p46]
7829
0 0 0 0 0 0 0 1 0 0 0 0 0 0 1 0 1 0 0 1 0 0 0 1 0 0 0 0 0 0 
23 23 23 23 23 23 23 19 19 23 19 23 19 19 23 19 19 14 19 19 19 16 14 16 14 14 16 7 7 7 7 7 7 7 23 19 19 16 19 23 16 19 19 23 14 14 14 14 16 16 16 16 16 23 19 16 16 19 14 16 19 19 23 14 14 16 16 16 19 19 
[p47]
8190
1 1 0 1 1 0 1 1 1 0 
1 1 1 0 0 0 0 1 0 1 0 3 3 3 1 1 3 4 4 4 4 4 3 3 3 3 3 3 3 3 3 3 3 3 3 4 4 4 4 4 4 4 4 4 4 4 4 4 4 4 4 4 4 4 6 6 6 6 6 6 6 6 7 7 6 7 6 0 7 7 7 7 7 8 8 8 8 6 6 6 6 6 8 7 0 7 0 0 8 6 
[p48]
7648
0 0 0 1 1 1 0 0 0 0 0 0 1 0 1 0 0 0 0 1 
19 19 4 4 4 4 3 4 4 3 3 3 3 3 3 4 4 5 5 4 5 4 5 5 5 4 4 5 5 4 5 4 5 4 4 4 5 4 4 4 5 5 12 5 12 5 4 12 12 4 12 4 4 12 12 14 14 4 14 4 4 14 14 14 19 14 19 19 19 19 19 19 19 19 19 19 19 19 19 19 
[p49]
7114
0 0 0 0 0 1 1 1 0 0 0 0 0 1 0 0 0 0 0 1 0 0 0 0 0 0 0 0 0 0 
6 6 6 6 6 6 6 6 5 5 5 5 5 6 6 6 7 7 7 7 7 7 7 7 7 7 7 13 13 13 13 13 13 13 13 13 13 13 13 13 13 13 19 19 19 19 19 19 19 19 19 19 6 19 19 19 19 19 19 19 19 19 19 19 19 19 6 5 6 5 
[p50]
9892
1 1 1 1 0 1 1 0 1 0 
3 6 3 0 2 1 5 5 3 5 5 3 6 2 0 1 2 2 5 3 0 6 0 0 0 6 8 3 3 3 3 3 3 3 3 5 2 1 6 6 0 1 1 2 5 5 5 5 5 3 3 5 6 0 0 0 6 6 2 2 2 5 5 5 3 3 0 6 8 3 3 0 6 0 0 3 3 3 3 3 3 5 2 2 2 2 6 5 2 5 1 1 2 2 2 1 1 1 1 1 
[p51]
8465
1 0 0 0 0 1 0 0 1 0 1 0 0 1 0 1 1 0 0 0 
15 0 15 10 16 13 5 16 15 5 5 10 13 13 0 13 13 16 5 15 0 0 10 10 10 10 8 10 15 5 8 8 15 15 15 5 13 13 10 0 0 13 13 13 16 5 5 5 5 5 15 5 0 10 10 10 13 0 16 16 13 8 5 5 15 15 10 15 15 15 15 0 0 0 10 15 15 15 15 15 5 16 16 13 13 16 0 8 16 5 13 13 13 13 16 16 13 16 16 16 
[p52]
11597
1 1 0 1 0 1 1 1 1 1 
7 7 7 7 7 7 7 7 3 7 7 7 3 3 3 7 3 8 0 5 3 3 3 8 8 1 5 9 9 9 9 9 9 3 6 6 6 6 6 6 6 6 6 6 6 7 3 8 8 5 5 3 3 6 7 5 3 3 5 7 6 9 5 5 0 5 9 6 7 7 9 6 7 3 3 5 3 7 6 1 6 3 8 5 5 8 3 7 5 3 5 9 9 1 5 1 3 3 3 7 
[p53]
12910
0 1 0 0 0 0 0 1 1 0 0 0 1 0 0 1 0 0 1 1 
18 18 18 7 18 7 7 7 19 19 19 7 7 7 7 7 7 19 19 12 12 19 19 1 12 15 18 15 15 15 15 15 15 18 18 18 18 18 18 18 18 18 18 18 7 7 7 15 12 8 8 1 7 18 7 8 1 19 1 7 18 15 15 1 19 15 15 18 7 18 18 18 7 1 1 15 12 7 7 8 18 19 12 15 15 12 19 7 15 1 15 8 18 18 15 15 7 7 1 18 
[p54]
10970
1 1 0 1 1 1 1 1 0 0 
7 7 7 7 7 7 7 7 7 7 7 7 7 7 7 7 3 3 3 1 1 1 1 3 1 1 3 3 3 3 3 3 3 3 3 3 3 3 3 6 6 6 6 6 6 6 6 6 3 3 3 3 6 5 6 6 6 6 6 6 6 5 5 6 5 5 5 5 5 0 0 0 0 5 7 0 0 0 0 0 0 4 0 4 4 4 4 4 4 4 4 4 4 4 4 4 4 4 7 7 
[p55]
11521
0 0 1 0 0 1 0 1 0 0 0 0 0 0 1 1 0 0 1 0 
18 18 18 18 18 18 18 18 18 2 2 2 2 2 2 18 2 2 2 14 2 2 2 2 2 2 14 2 2 2 2 14 18 14 14 18 2 7 7 7 15 15 2 7 7 7 7 7 7 7 7 14 7 7 7 7 7 14 7 7 7 7 5 15 15 15 7 7 7 7 15 7 15 15 18 15 15 15 15 15 5 15 15 15 5 15 5 5 5 5 5 18 18 18 18 18 18 18 18 18 
[p56]
24876
0 1 1 0 1 1 0 1 1 1 1 1 1 1 0 0 0 1 0 1 0 1 0 0 1 1 0 0 1 0 
7 19 21 2 2 12 5 28 24 28 19 28 13 1 28 7 1 10 24 24 25 21 5 2 10 11 24 19 4 2 19 19 4 21 28 12 8 8 24 21 7 9 12 4 8 28 13 21 19 9 2 24 21 5 8 12 25 9 7 25 4 17 7 8 13 11 5 17 28 25 7 12 19 9 5 13 10 5 8 21 10 17 9 25 4 13 19 5 28 7 28 19 25 25 2 13 11 12 17 28 11 2 25 7 4 17 4 24 7 13 19 4 11 12 12 8 17 7 17 8 9 11 17 4 9 21 2 11 19 17 28 2 25 8 1 9 1 13 28 10 12 21 11 11 25 5 21 21 11 25 24 17 10 17 8 11 2 21 13 13 13 28 10 24 5 24 5 4 1 21 1 8 19 10 9 2 28 10 4 10 5 2 24 19 12 8 11 10 17 21 2 2 19 4 7 12 7 21 10 19 
[p57]
31504
0 0 1 0 0 0 0 0 1 1 1 1 1 1 0 0 0 0 0 1 1 1 1 0 1 1 1 1 1 1 
22 19 21 27 21 11 21 27 22 28 29 28 13 20 28 11 13 20 22 27 27 21 24 24 20 27 27 19 29 2 19 19 26 21 27 12 20 8 24 21 25 9 12 26 8 19 13 27 19 20 24 24 22 2 8 12 25 9 22 25 29 27 11 8 20 11 13 28 28 25 25 25 19 9 10 13 20 10 8 24 10 10 9 11 29 13 19 2 27 11 11 19 11 25 2 8 11 12 10 28 28 22 12 27 29 24 29 24 22 13 26 29 27 12 12 8 28 25 28 8 26 11 28 26 26 21 2 12 26 10 28 24 12 20 13 9 13 8 28 10 28 22 11 11 11 2 21 21 22 25 24 19 10 28 8 12 2 21 13 13 13 24 20 21 10 22 2 29 8 21 13 20 19 10 26 2 27 10 29 10 2 2 2 19 25 8 12 10 24 24 2 21 19 29 25 12 25 21 20 19 
[p58]
42969
1 0 0 0 0 1 0 1 1 1 1 0 1 1 1 0 1 0 1 1 1 1 1 0 0 1 0 0 0 1 
18 19 21 22 5 12 5 18 22 0 29 19 13 13 19 18 13 20 22 0 7 16 5 21 20 18 22 19 29 5 19 9 19 16 18 12 20 8 16 16 18 9 12 29 8 19 13 21 19 14 0 16 21 16 8 25 25 9 18 7 29 5 7 8 13 25 5 14 14 25 18 25 14 9 10 13 20 10 8 16 10 0 9 7 29 13 19 21 22 7 14 19 25 25 0 13 18 19 0 19 14 21 25 18 29 0 29 16 22 13 19 29 22 12 12 8 0 7 14 8 9 25 14 29 9 16 0 12 14 0 18 16 25 20 20 9 13 13 0 10 12 22 12 25 25 5 22 16 18 7 21 14 10 10 8 25 5 16 13 13 10 18 20 21 5 22 10 29 13 21 5 20 19 10 9 5 0 10 29 10 5 21 16 19 12 8 12 10 0 16 21 21 19 29 7 12 7 21 20 19 
[p59]
35616
1 1 0 0 0 1 1 0 1 1 0 1 1 0 0 1 1 1 0 1 0 1 1 0 0 1 0 0 1 1 
22 19 21 22 21 12 15 28 22 28 29 28 5 1 28 11 1 9 22 17 11 16 5 21 5 11 22 17 29 21 19 19 19 16 28 6 9 8 16 16 25 9 6 29 9 19 8 16 19 19 0 16 21 16 8 6 11 9 11 25 29 0 25 8 1 11 5 17 28 12 22 12 19 9 5 1 8 8 8 16 5 0 9 25 29 8 6 17 22 25 28 6 11 11 0 1 11 6 0 28 17 15 25 25 29 17 29 16 22 1 19 29 22 12 12 8 11 25 17 9 9 11 28 6 9 16 21 12 19 17 28 21 25 9 1 9 8 1 28 17 12 22 11 11 25 5 16 15 22 25 0 28 1 0 8 11 5 15 1 1 1 0 8 21 5 0 1 29 1 21 5 8 19 28 9 0 0 17 29 5 5 21 16 19 12 8 28 5 0 21 21 21 6 29 25 12 25 15 17 19 
[p60]
25166
0 0 1 0 1 0 0 1 0 1 1 0 0 1 1 0 0 1 1 0 1 1 0 0 0 1 0 0 1 0 
18 28 2 18 21 25 21 28 18 28 4 28 13 13 28 18 13 20 18 17 18 21 2 2 10 18 18 14 4 2 4 4 4 21 28 4 20 9 21 21 18 9 28 9 20 14 13 21 14 14 2 21 2 21 20 4 25 9 18 25 4 17 7 20 13 25 2 14 28 25 18 25 14 9 10 13 20 10 20 21 10 17 9 25 9 13 4 10 18 7 28 4 7 25 2 13 28 28 17 28 17 21 25 18 4 2 4 21 18 13 14 4 18 25 25 20 28 7 17 20 9 25 17 4 9 21 21 28 4 17 28 2 25 20 13 9 13 13 28 10 25 18 28 25 25 2 21 2 18 25 2 17 10 17 20 25 2 2 13 13 13 28 10 2 10 18 2 4 13 21 13 20 28 14 4 17 17 10 4 10 2 2 21 28 25 9 28 10 17 21 2 21 4 4 7 28 7 21 10 14 
[p61]
31916
0 0 0 0 0 1 1 0 0 0 0 0 0 0 0 1 0 1 0 1 1 0 0 0 1 1 1 1 0 1 
6 19 24 27 15 6 15 27 27 24 29 17 26 17 19 27 20 20 24 27 27 24 15 24 20 27 27 19 29 15 19 19 26 24 24 6 20 20 24 15 25 20 6 26 20 19 20 15 19 17 24 24 15 15 26 6 25 26 24 25 29 24 25 20 5 25 27 17 19 25 27 6 19 26 5 5 20 19 26 27 20 17 26 25 29 20 6 5 27 25 17 6 25 25 17 5 17 6 17 17 17 15 25 25 29 24 29 24 27 20 19 29 27 6 6 20 19 25 17 26 26 25 17 19 26 15 15 6 26 5 27 24 25 20 5 26 20 20 17 20 6 17 6 25 25 5 24 15 27 25 24 17 5 17 26 25 24 15 20 20 20 27 17 27 5 24 5 29 17 15 5 26 19 19 26 5 24 5 29 5 5 15 5 19 6 20 6 5 17 15 5 15 6 29 27 6 25 15 20 19 
[p62]
38841
1 0 0 0 0 0 0 1 1 0 1 1 1 0 0 0 1 0 0 1 0 0 0 0 1 0 0 1 0 1 
7 19 24 27 24 12 16 27 24 27 29 19 0 24 19 7 10 8 27 27 27 16 24 24 10 27 27 19 29 24 12 19 19 16 27 12 8 8 16 16 7 8 12 29 29 19 8 16 19 0 24 16 16 16 8 12 11 29 7 7 29 0 7 10 0 11 0 19 19 12 7 12 12 8 8 24 10 0 8 16 10 0 10 7 29 8 29 0 27 7 11 12 7 11 0 10 11 12 0 11 19 16 12 7 29 24 29 24 27 8 19 29 27 12 12 8 11 7 10 10 10 11 27 19 19 16 16 11 29 10 11 24 11 10 8 8 8 8 11 19 12 27 11 11 11 0 24 16 27 7 24 27 0 0 10 11 24 16 8 8 10 27 10 0 10 27 10 29 8 16 10 8 19 19 29 0 24 10 29 8 0 16 24 12 12 8 11 10 0 24 0 16 19 29 7 12 7 16 19 19 
[p63]
29876
0 1 1 0 0 0 0 1 1 0 0 0 1 0 0 0 1 1 0 0 1 0 0 1 0 0 0 1 1 1 
7 28 2 27 2 12 16 27 27 17 29 28 20 1 28 7 1 20 27 27 27 16 23 27 23 27 27 28 29 2 28 29 29 16 27 12 20 8 16 16 7 8 28 29 8 28 8 2 28 20 27 16 16 16 8 12 7 8 27 7 29 2 7 8 20 12 23 17 28 7 7 12 12 8 23 23 20 23 8 16 23 17 8 7 29 20 29 23 27 7 28 12 12 7 2 1 28 17 17 28 17 16 12 7 29 2 29 27 27 1 28 29 7 12 12 8 17 7 17 8 20 12 17 28 8 16 2 12 29 17 28 16 12 20 23 8 1 8 28 20 28 27 12 12 7 2 16 16 27 7 27 17 23 17 8 28 2 16 8 1 1 27 23 2 23 17 23 29 1 2 1 20 28 20 29 2 27 20 29 20 2 16 2 28 12 8 28 23 17 2 2 2 12 29 7 12 7 2 23 28 
[p64]
26163
1 1 0 1 1 1 1 0 0 1 0 0 1 0 0 0 1 0 0 0 0 1 0 0 1 0 1 0 1 1 
28 6 21 24 21 12 21 28 24 28 4 28 3 1 28 28 1 9 24 0 28 16 5 24 5 28 24 28 29 21 6 26 4 16 28 6 9 9 24 16 12 9 6 4 9 26 3 21 6 26 24 16 24 16 9 6 12 9 24 12 29 0 12 9 3 12 5 28 28 12 28 12 6 9 5 5 9 5 9 16 5 0 9 12 29 3 6 5 24 12 28 6 12 12 0 3 28 6 0 28 28 21 12 12 4 0 4 24 16 3 26 4 24 12 12 9 28 12 0 9 26 12 28 6 26 16 21 28 26 0 28 24 12 9 1 9 3 3 28 0 12 24 12 12 12 5 24 21 24 12 24 0 5 0 3 28 5 16 3 3 1 0 5 24 5 24 5 4 3 21 1 9 28 9 26 21 0 9 29 5 5 21 21 6 6 9 28 5 0 21 21 21 6 4 28 12 12 21 5 6 
[p65]
35054
0 0 1 0 0 0 0 0 0 0 0 0 1 0 1 0 1 0 1 0 0 0 0 1 0 0 0 1 1 0 
18 28 2 27 2 12 2 27 18 28 12 28 2 23 28 18 14 14 27 27 18 16 16 27 23 18 27 14 14 2 14 14 14 16 27 12 14 14 16 16 18 14 12 14 14 14 23 2 14 14 27 16 16 16 14 12 18 14 18 18 14 27 18 14 23 12 27 14 28 18 18 12 12 14 23 23 14 2 23 16 14 2 14 18 12 23 12 2 27 18 28 28 18 12 2 14 27 18 2 28 28 16 12 18 12 2 12 27 27 23 28 12 27 12 28 23 28 18 14 28 28 12 28 28 14 16 2 12 28 28 28 16 12 2 2 23 2 2 28 23 12 27 28 12 18 2 16 16 27 18 27 2 23 27 28 12 2 16 23 23 23 27 23 16 23 27 23 28 23 2 23 23 28 23 23 16 27 23 14 23 2 16 16 28 12 28 28 14 27 2 2 2 12 12 18 12 18 2 27 14 
[p66]
37798
0 0 0 1 1 0 0 0 0 0 0 0 1 0 0 0 0 0 0 1 1 1 0 0 1 1 0 0 0 0 
25 19 21 24 20 12 21 24 21 24 4 19 20 3 19 25 3 20 24 24 25 21 3 21 20 25 24 19 4 24 19 4 4 21 25 12 19 20 21 21 25 20 12 4 3 4 3 21 19 4 24 24 21 21 20 12 25 20 24 25 4 20 25 20 3 25 24 19 19 25 12 12 19 20 3 3 20 3 19 21 20 24 20 25 4 20 19 21 24 12 19 19 25 25 24 3 12 12 21 19 19 21 25 25 4 19 4 21 24 3 19 4 24 12 12 20 19 25 19 3 20 25 19 4 4 21 20 12 19 24 12 24 25 20 3 20 3 3 19 20 12 24 12 25 25 21 25 24 25 25 21 12 3 24 3 12 24 21 3 3 3 25 3 21 20 12 21 4 3 21 3 20 19 19 4 24 24 20 4 3 21 21 24 19 12 3 12 20 24 21 21 21 19 4 25 12 25 24 20 19 
[p67]
32754
0 0 1 1 0 1 0 0 0 0 1 1 0 0 0 0 0 0 1 0 0 0 0 0 1 1 0 1 1 1 
18 28 2 27 2 11 2 27 27 28 29 11 3 5 28 18 3 10 27 27 18 24 5 24 5 18 27 27 29 2 29 10 29 24 27 11 3 3 24 2 18 10 28 29 3 29 3 2 28 11 24 24 24 24 10 25 11 10 18 25 29 2 18 10 3 11 5 10 28 25 18 11 28 10 10 5 10 5 3 24 10 5 29 25 29 10 29 5 27 25 11 28 25 25 5 3 27 11 2 28 28 2 25 18 11 24 29 24 27 3 28 29 27 25 11 3 28 25 10 3 10 11 28 29 29 24 2 11 10 24 28 24 25 10 5 29 3 3 28 5 11 18 11 11 25 5 24 24 27 25 27 28 10 27 3 25 2 2 3 3 3 27 5 24 5 27 5 29 3 24 10 10 28 3 29 24 24 10 29 28 5 2 2 28 11 3 28 10 27 2 2 2 28 29 25 11 25 2 5 28 
[p68]
27340
0 1 1 0 1 0 0 0 1 0 0 1 0 1 0 0 0 0 1 0 0 1 0 0 1 0 1 1 0 0 
18 26 21 27 21 4 21 27 18 27 4 11 13 1 11 18 1 13 27 27 18 21 2 24 13 18 27 26 4 2 4 26 4 21 27 11 8 8 24 21 18 8 11 26 8 26 13 21 26 26 24 24 24 21 8 11 27 8 18 11 4 2 18 8 8 11 21 8 27 11 18 11 4 8 13 13 8 1 8 24 1 2 26 11 4 13 4 2 27 11 27 26 11 11 2 13 11 11 2 11 27 21 11 18 26 24 4 24 27 13 26 26 27 11 11 8 27 11 2 8 26 11 27 4 26 21 2 18 26 2 11 24 18 8 1 8 1 13 27 8 11 27 11 11 11 2 24 21 18 11 24 2 13 24 8 18 2 21 13 13 13 27 13 2 2 27 1 26 1 21 1 8 26 8 26 21 24 13 26 13 2 21 2 11 27 8 11 13 27 21 2 21 4 4 24 4 18 21 8 26 
[p69]
35961
0 0 1 0 0 0 1 1 0 0 0 0 1 1 0 0 0 1 1 0 0 1 0 1 0 1 1 0 0 1 
7 6 21 18 21 12 21 18 7 18 29 6 13 13 6 7 2 23 18 17 7 21 2 21 2 18 18 6 29 21 6 26 26 21 18 12 17 26 18 21 7 26 6 26 13 26 13 2 6 26 2 21 18 21 23 6 25 26 18 25 29 21 7 26 23 25 21 26 6 25 18 12 12 23 21 23 6 21 23 21 26 17 26 25 29 17 6 23 18 7 12 6 25 25 17 23 18 6 17 17 12 23 25 7 29 2 29 2 18 13 26 29 7 12 12 13 6 7 2 13 17 25 6 29 26 21 2 12 26 17 17 21 25 23 23 17 13 13 17 17 12 7 12 25 25 2 2 13 7 25 2 26 13 18 23 12 2 21 13 13 13 2 17 21 23 18 2 29 13 21 13 26 17 26 29 2 21 26 29 13 2 21 21 12 12 26 12 23 17 21 2 21 12 29 7 12 7 23 26 6 
[p70]
37141
0 0 0 1 1 1 0 0 1 0 0 1 1 0 0 1 0 0 0 1 0 0 1 0 0 0 0 1 0 0 
27 19 15 27 15 12 15 27 22 11 4 19 3 3 19 11 3 8 22 27 11 15 5 27 5 27 27 19 4 5 19 12 4 15 27 12 8 3 27 15 11 8 12 4 8 4 3 15 19 8 22 22 27 15 8 19 12 8 22 12 4 5 12 8 3 11 5 19 11 12 22 12 12 8 5 5 8 5 8 22 5 5 8 11 4 8 19 5 27 12 11 19 11 11 5 3 11 19 27 11 27 15 12 11 4 22 19 27 22 3 4 4 22 12 12 8 11 11 19 3 8 11 27 19 4 15 5 11 19 5 27 27 11 8 5 8 3 3 11 8 12 22 11 11 11 5 27 15 22 12 22 19 5 27 8 11 5 15 3 3 3 27 8 27 5 27 5 19 3 15 5 8 19 8 4 15 27 8 4 8 5 15 15 19 12 8 11 5 27 15 5 15 19 4 11 12 11 15 3 19 
[p71]
34350
1 0 0 0 0 0 1 1 1 0 0 0 0 1 1 0 1 0 0 0 1 0 0 0 1 0 1 1 0 0 
7 6 24 27 16 6 16 27 27 27 26 14 20 13 6 7 13 20 24 0 27 16 13 24 20 27 27 14 26 24 6 26 26 16 27 26 20 8 16 16 7 8 6 26 8 14 13 16 14 14 24 16 24 16 8 26 7 8 27 7 26 0 7 8 13 7 24 14 6 27 27 7 26 8 13 13 20 0 8 16 13 0 26 7 14 13 6 0 27 7 6 26 7 7 0 13 27 14 0 6 14 16 7 7 26 0 26 24 27 13 14 26 24 14 27 8 0 7 14 8 26 7 0 6 26 16 16 6 26 0 27 24 7 20 20 8 13 13 0 14 7 27 14 7 7 0 16 16 27 7 24 0 20 0 8 27 0 16 13 13 13 27 20 24 0 27 20 26 8 16 13 20 14 14 26 0 0 20 6 20 0 16 0 6 7 8 27 13 27 24 0 16 6 6 7 26 7 16 20 6 
