[p1]
9080
1 1 1 1 1 0 1 0 1 1 
2 2 3 6 3 8 2 4 4 1 9 8 3 2 8 3 4 0 9 4 3 8 6 4 2 6 1 1 0 1 2 6 0 3 9 4 4 3 0 4 3 8 1 6 4 0 4 0 4 0 
[p2]
7926
1 1 1 1 1 1 1 1 1 0 
8 2 1 6 3 8 2 4 4 1 4 0 3 2 8 3 4 0 6 7 3 4 6 4 2 5 1 5 0 5 2 6 0 3 4 4 4 3 0 4 1 8 1 5 7 0 2 0 4 0 
[p3]
9718
1 1 1 1 1 1 1 0 1 0 
8 2 1 6 3 8 2 4 4 1 4 0 3 2 8 3 4 0 6 2 3 4 6 4 2 5 1 5 0 5 2 6 0 3 4 4 4 3 0 4 1 8 1 5 4 0 2 0 4 0 
[p4]
10841
1 1 1 1 1 0 1 0 1 0 
2 8 1 6 3 8 2 4 4 1 4 8 3 2 8 3 4 0 6 4 3 4 6 4 2 6 1 1 0 1 2 6 0 3 2 4 4 3 0 4 3 8 3 6 4 0 2 0 4 0 
[p5]
8955
1 1 1 1 1 0 1 0 1 1 
8 8 1 6 3 8 2 4 4 1 9 8 0 2 8 3 2 0 9 4 3 8 6 4 1 6 1 1 0 1 2 6 0 3 9 4 4 3 3 2 1 8 1 6 4 0 9 0 2 0 
[p6]
7904
1 1 1 1 1 1 1 1 1 1 
8 8 1 6 3 8 2 4 2 1 9 8 3 2 8 3 4 0 9 7 3 7 6 4 2 5 1 5 8 5 2 6 0 3 9 4 4 3 0 4 1 8 1 5 7 0 2 0 4 0 
[p7]
9581
1 1 1 1 1 0 1 1 1 1 
8 8 1 6 3 8 2 4 4 1 9 8 3 2 8 3 2 0 9 7 3 8 6 4 2 6 1 1 0 1 2 6 0 3 9 4 4 3 0 4 1 8 1 6 7 0 9 3 4 0 
[p8]
11408
1 1 1 1 1 0 1 1 1 1 
8 8 1 6 3 8 2 4 4 1 9 8 3 2 8 3 4 0 9 7 3 8 6 4 2 6 1 1 0 1 2 6 0 3 9 4 7 3 0 4 1 8 1 6 7 0 2 3 4 0 
[p9]
8643
1 1 1 0 1 1 0 0 1 1 
8 8 1 5 1 8 2 4 4 1 9 8 0 2 8 0 4 0 9 4 1 8 9 4 2 5 1 5 8 5 2 5 0 0 9 4 4 1 0 4 1 8 1 5 4 0 2 0 4 0 
[p10]
7648
1 1 1 1 1 0 1 1 1 1 
8 8 1 6 3 8 2 4 4 1 9 8 3 2 8 3 4 0 9 7 3 8 6 4 2 6 1 1 0 1 2 6 0 3 9 4 4 3 0 4 1 8 1 6 7 0 4 0 4 0 
[p11]
9504
1 1 1 1 1 1 1 0 1 1 
8 8 1 6 3 8 2 4 4 1 9 8 3 2 8 3 4 0 9 4 3 8 6 4 2 5 1 5 0 5 2 6 0 3 9 4 4 3 0 4 1 8 1 5 4 0 2 0 4 0 
[p12]
10912
1 1 1 1 1 1 0 0 1 0 
8 8 1 5 3 8 2 4 4 1 4 8 3 2 8 3 2 0 4 4 3 8 5 4 2 5 1 5 0 5 2 5 0 3 2 4 4 3 0 4 1 8 1 5 4 0 2 0 4 0 
[p13]
9189
1 1 0 0 1 1 0 1 0 1 1 0 1 1 0 0 0 1 0 1 
0 12 10 10 1 12 17 13 12 17 7 4 1 10 13 12 5 10 4 9 12 5 7 19 9 17 0 17 1 17 13 7 13 0 1 10 17 19 19 13 9 0 5 0 9 5 12 10 19 9 
[p14]
7373
1 0 0 1 0 0 1 0 0 1 1 0 0 1 1 1 1 1 0 1 
16 3 10 10 19 15 17 13 14 17 15 19 19 6 13 3 15 10 17 9 14 15 15 19 6 17 16 17 3 17 13 15 13 16 3 10 3 19 19 13 6 0 0 0 3 13 14 10 19 9 
[p15]
10026
1 1 0 1 0 1 1 0 0 0 1 0 1 0 0 1 0 1 0 1 
0 12 10 10 1 12 17 5 12 17 15 19 1 6 19 3 15 10 17 6 12 15 15 19 6 17 0 17 1 17 19 15 19 0 3 10 3 19 19 5 6 0 5 0 3 5 12 10 19 6 
[p16]
10435
0 0 0 1 0 0 1 0 0 0 1 0 0 1 0 1 1 1 0 1 
16 3 10 10 19 13 17 13 3 17 15 19 19 6 13 3 15 10 17 6 15 15 15 19 6 17 16 17 3 17 13 15 13 16 3 10 3 19 19 13 6 16 16 16 3 13 15 10 19 6 
[p17]
8811
1 0 0 1 0 1 0 1 0 1 1 0 0 1 1 0 0 1 0 1 
0 3 10 10 19 13 17 13 14 17 7 19 19 10 13 3 5 10 17 9 14 5 7 19 9 17 0 17 3 17 13 7 13 0 3 10 3 19 19 13 9 0 5 0 3 5 14 10 19 9 
[p18]
7315
0 0 0 1 0 0 1 0 0 0 1 0 1 1 0 1 1 1 0 1 
16 12 10 10 19 12 17 13 12 17 15 19 19 6 13 3 15 10 17 6 12 15 15 19 6 17 16 17 3 17 13 15 13 16 3 10 3 19 19 13 6 16 16 15 3 13 12 10 19 6 
[p19]
9684
1 1 1 0 0 0 1 0 0 0 1 0 1 0 0 1 0 1 0 1 
0 12 10 10 1 12 17 2 12 17 15 19 1 6 2 12 15 10 17 6 12 15 15 19 6 17 0 1 1 17 2 15 2 15 1 10 17 19 19 2 6 0 0 0 6 15 12 10 19 6 
[p20]
12059
0 1 1 0 0 0 1 0 0 1 1 0 1 0 0 0 1 1 0 0 
16 12 10 10 1 12 17 2 12 17 16 1 1 6 2 12 12 10 17 9 12 12 10 2 6 17 16 17 1 17 2 10 2 16 1 10 9 1 1 2 6 16 16 10 9 2 12 6 1 9 
[p21]
8139
1 1 0 0 0 0 0 0 0 1 1 0 1 1 0 1 0 1 0 0 
0 12 10 10 1 12 17 13 12 17 15 1 1 10 13 12 15 10 17 9 12 15 15 13 9 17 0 17 1 17 13 15 13 0 1 10 17 1 1 13 10 0 0 0 9 13 12 10 1 9 
[p22]
7519
0 1 0 1 0 0 1 1 0 0 1 0 0 1 0 1 1 1 0 1 
16 1 10 10 1 15 17 13 3 17 15 19 1 6 13 3 15 10 17 6 15 15 15 19 6 17 16 17 1 17 13 7 13 16 3 10 3 19 19 13 6 16 15 16 3 13 7 10 19 6 
[p23]
9171
1 0 0 0 0 0 0 1 1 0 1 0 0 1 1 0 0 1 0 1 
0 14 10 10 19 13 17 13 14 17 7 19 19 10 13 14 7 10 17 8 14 7 7 19 10 17 0 17 17 17 13 7 13 0 17 10 8 19 19 13 10 0 0 0 8 13 14 10 19 8 
[p24]
10769
0 0 0 1 0 0 1 1 0 0 0 0 0 1 1 0 1 0 0 1 
16 14 7 7 19 13 3 13 14 3 7 19 19 6 13 3 7 7 19 6 14 7 7 19 6 19 16 3 3 3 13 7 13 16 3 6 3 19 19 13 6 16 16 16 3 13 14 6 19 6 
[p25]
13393
1 0 1 0 0 1 0 1 1 0 0 1 0 1 1 1 0 1 0 0 1 0 0 0 1 1 0 0 0 0 
20 11 13 14 20 5 2 24 14 17 24 8 8 20 7 14 14 17 5 11 2 0 5 7 5 8 2 24 5 24 5 25 20 25 20 20 24 15 0 14 0 14 15 8 24 14 0 13 11 8 5 14 14 5 13 20 17 11 0 14 0 5 20 11 11 11 24 0 24 24 20 20 11 17 24 8 24 20 14 24 20 7 20 17 2 17 17 7 20 5 2 24 17 11 7 24 2 14 25 13 8 7 17 25 2 25 7 11 14 8 14 14 2 11 11 25 24 24 24 24 5 8 25 13 8 0 5 24 0 25 0 11 24 5 8 14 7 5 20 17 0 8 20 14 8 25 25 5 2 5 
[p26]
11648
1 0 1 0 0 1 0 1 1 0 0 1 0 1 1 0 0 1 0 0 1 0 0 0 1 1 0 0 0 0 
20 11 13 14 20 5 2 24 14 17 24 8 8 20 2 14 14 17 5 11 2 0 5 7 5 8 2 24 5 24 5 25 20 25 20 20 24 24 0 14 0 14 24 8 24 14 0 13 11 8 5 14 14 5 20 20 2 11 11 14 0 5 20 11 11 11 24 0 5 24 20 20 11 17 24 8 24 20 14 24 20 7 20 17 2 17 17 7 20 5 2 24 17 11 7 5 14 14 25 20 8 7 17 25 2 25 17 11 14 8 14 14 2 11 11 25 24 24 24 24 5 8 25 13 8 0 5 24 0 25 0 11 24 5 8 14 7 5 20 17 0 8 20 14 8 25 25 5 2 5 
[p27]
13558
1 0 1 0 0 1 0 1 1 0 0 1 0 0 1 0 0 1 0 0 1 0 0 0 1 1 0 0 0 0 
20 11 20 14 20 5 2 24 14 0 24 8 8 20 7 14 14 17 5 11 2 0 5 17 5 8 2 24 5 24 5 25 20 25 20 20 24 24 0 14 0 14 24 8 24 14 0 20 11 8 5 14 14 5 20 20 17 11 11 14 0 5 20 11 11 11 24 0 5 24 20 20 11 17 24 8 24 20 14 24 20 7 20 17 2 17 2 7 20 5 2 24 17 11 7 5 2 14 25 20 8 17 17 25 2 25 7 11 14 8 14 14 2 11 11 25 24 24 24 24 5 8 25 20 8 0 5 24 0 25 0 11 24 5 8 14 7 5 20 17 0 8 20 14 8 25 25 5 2 5 
[p28]
15036
1 0 1 0 0 1 0 0 1 0 0 1 0 0 1 0 0 1 0 0 1 0 0 0 1 1 0 0 0 0 
20 11 20 14 20 5 2 24 14 17 24 8 8 20 2 14 14 17 5 11 14 0 5 2 5 8 2 24 5 24 5 25 20 25 20 20 24 24 0 14 0 14 24 8 24 14 0 20 11 8 5 14 14 5 20 20 17 11 0 14 0 5 20 11 11 11 24 0 24 24 20 20 11 0 24 8 24 20 14 24 20 0 20 17 17 17 17 0 20 5 2 24 17 11 0 24 2 14 25 20 8 17 17 25 2 25 0 11 14 8 14 14 2 11 11 25 24 24 24 24 5 8 25 20 8 0 5 24 0 25 0 11 24 5 8 14 0 5 20 17 0 8 20 14 8 25 25 5 2 5 
[p29]
13879
1 0 1 0 0 1 0 1 1 0 0 1 0 0 1 1 0 1 0 0 1 0 0 0 1 1 0 0 1 1 
20 11 28 2 20 5 2 24 14 17 5 8 28 20 17 14 14 17 25 11 2 0 5 17 5 8 2 24 5 15 5 25 8 25 20 8 24 15 0 14 0 14 15 28 24 14 7 20 11 8 29 14 14 5 20 20 17 11 11 14 0 5 20 11 11 11 24 0 5 24 8 8 11 0 24 8 24 20 2 24 20 7 20 17 17 17 17 7 20 5 2 24 17 11 17 24 2 2 25 28 8 17 17 25 2 29 17 11 14 28 14 14 2 11 11 25 24 15 24 24 5 8 25 20 8 0 5 15 0 29 0 11 24 29 8 14 7 5 20 17 0 8 20 14 8 25 25 5 2 5 
[p30]
12283
1 0 1 0 0 1 0 1 1 1 0 1 0 0 1 0 0 1 0 0 1 0 0 0 1 1 0 0 1 0 
20 11 20 2 8 5 2 24 14 17 9 8 28 8 17 14 14 17 25 11 2 0 5 17 5 8 2 24 5 24 5 25 8 25 8 20 24 24 0 14 0 14 24 28 24 14 7 20 11 8 5 14 14 5 20 20 17 11 11 14 0 5 20 11 11 11 9 0 9 9 8 8 11 17 24 8 9 20 14 24 20 7 20 17 17 17 17 7 20 5 2 24 17 11 17 9 2 2 25 28 8 17 17 25 2 25 7 11 28 28 14 14 2 11 11 25 24 24 5 24 5 8 25 20 8 0 5 9 0 25 0 11 24 25 28 14 7 5 20 17 0 8 20 14 8 25 25 5 2 5 
[p31]
14503
1 0 1 0 0 1 0 1 1 1 0 1 0 1 1 0 0 1 0 0 1 0 0 0 1 1 0 0 0 0 
20 11 13 2 20 5 2 9 14 17 9 8 8 20 17 14 14 17 5 11 2 0 9 17 5 8 2 24 5 9 5 25 13 25 20 20 24 24 0 14 0 14 24 8 24 14 0 13 11 8 25 14 14 5 13 20 17 11 0 14 0 5 20 11 11 11 9 0 24 9 20 20 11 17 24 8 9 20 14 24 20 7 13 17 17 17 17 7 20 5 2 24 17 11 7 24 2 2 25 13 8 17 17 25 2 25 17 11 8 8 14 14 2 11 11 25 24 24 24 24 5 8 25 13 8 0 5 9 0 25 0 11 24 5 8 14 7 5 20 17 0 8 20 14 8 25 25 5 2 5 
[p32]
16971
1 0 1 0 0 1 0 1 1 0 0 1 0 1 1 0 0 1 0 0 1 0 0 0 1 1 0 0 0 0 
20 11 13 2 20 5 2 24 14 17 5 8 8 20 17 14 14 17 5 11 2 0 24 17 25 8 2 24 5 25 11 11 13 25 20 20 24 24 0 14 0 14 24 8 24 17 0 13 11 8 5 14 14 5 13 20 17 11 11 14 0 5 20 11 11 11 24 0 24 25 20 20 11 17 5 8 25 20 14 5 20 7 13 17 2 17 17 7 20 25 2 25 17 11 7 5 2 2 25 13 8 17 17 25 2 25 17 11 14 8 14 14 2 11 11 11 24 24 24 24 5 8 25 13 8 0 5 24 0 25 0 11 24 25 8 14 7 5 20 17 0 8 20 14 8 25 25 5 2 5 
[p33]
12873
1 0 1 0 0 1 0 0 1 0 0 1 0 1 1 0 0 1 0 0 1 0 0 0 1 1 0 0 0 0 
20 11 20 2 20 5 2 24 14 17 24 8 8 20 17 14 14 17 5 11 2 0 5 17 5 8 2 24 5 24 5 25 20 25 20 20 24 24 0 14 0 14 24 8 24 14 0 13 11 8 5 14 14 5 13 20 17 11 11 14 0 5 20 11 11 11 24 0 5 24 20 20 11 17 5 8 24 20 14 24 20 0 13 17 17 17 17 0 20 5 2 24 17 11 17 5 2 2 25 13 8 17 17 25 2 25 17 11 14 8 14 14 2 11 11 25 24 24 24 24 5 8 25 13 8 0 5 24 0 25 0 11 24 5 8 14 17 5 20 17 0 8 20 14 8 25 25 5 2 5 
[p34]
11593
1 0 1 0 0 1 0 1 1 0 0 1 0 1 1 0 0 1 0 0 1 0 0 0 1 1 0 0 0 0 
20 11 13 2 20 5 2 24 14 17 24 8 8 20 17 14 14 17 5 11 2 0 5 17 5 8 2 24 5 24 5 25 13 25 20 20 24 24 0 14 0 14 24 8 24 14 7 13 11 8 5 14 14 5 13 20 17 11 11 14 0 5 20 11 11 11 24 0 5 24 20 20 11 17 24 8 24 20 14 24 20 7 13 17 17 17 17 7 20 5 2 24 17 11 17 5 2 2 25 13 8 17 17 25 2 25 17 11 14 8 14 14 2 11 11 25 24 24 24 24 5 8 25 13 8 0 5 5 0 25 0 11 24 5 8 14 17 5 20 17 0 8 20 14 8 25 25 5 2 5 
[p35]
13021
1 0 1 0 0 1 0 0 1 0 0 1 0 0 1 0 0 1 0 0 1 0 0 0 1 1 0 0 0 0 
20 11 8 2 20 5 2 24 14 17 24 8 8 20 17 14 14 17 5 11 2 0 5 17 5 8 2 24 5 24 5 25 8 25 20 20 24 24 0 14 0 14 24 8 24 14 0 20 11 8 5 14 14 5 20 20 17 11 11 14 0 5 20 11 11 11 24 0 5 24 20 20 11 17 24 8 24 20 14 24 20 0 20 17 17 17 17 0 20 5 2 24 17 11 17 5 2 2 25 20 8 17 17 25 2 25 17 11 14 8 14 14 2 11 11 25 24 24 24 24 5 8 25 20 8 0 5 5 0 25 0 11 24 5 8 14 17 5 20 17 0 8 20 14 8 25 25 5 2 5 
[p36]
16379
1 0 1 0 0 1 0 0 1 0 0 1 0 1 1 0 0 1 0 0 1 0 0 0 1 1 0 0 0 1 
20 11 13 2 20 5 2 24 14 17 5 8 8 20 17 14 14 17 5 11 2 0 5 17 5 8 2 24 5 24 5 25 13 25 20 20 24 24 0 14 0 14 24 8 24 14 0 13 11 8 29 14 14 5 20 20 17 11 11 14 0 5 20 11 11 11 24 0 24 5 20 20 11 17 24 8 24 20 14 24 20 0 13 17 17 17 17 0 20 5 2 24 17 11 17 5 2 2 25 13 8 17 17 25 2 29 17 11 14 8 14 14 2 11 11 25 24 24 24 24 5 8 25 13 8 0 5 24 0 25 0 11 24 5 8 14 17 5 20 17 0 8 20 14 8 25 25 5 2 5 
[p37]
12793
1 0 1 0 0 1 0 0 1 0 0 1 0 1 1 0 0 1 0 0 1 0 0 0 1 1 0 0 0 0 
20 11 13 2 20 5 2 24 14 17 24 8 8 20 17 14 14 17 5 11 2 0 5 17 5 8 2 24 5 24 5 25 13 25 20 20 24 24 0 14 0 14 24 8 24 14 0 13 11 8 5 14 14 5 13 20 17 11 11 14 0 5 20 11 11 11 24 0 5 24 20 20 11 17 24 8 24 20 14 24 20 0 20 17 17 17 17 0 20 5 2 24 17 11 17 5 2 2 25 13 8 17 17 25 2 25 17 11 14 8 14 14 2 11 11 25 24 24 24 24 5 8 25 13 8 0 5 24 0 25 0 11 24 5 8 14 17 5 20 17 0 8 20 14 8 25 25 5 2 5 
[p38]
11237
1 0 1 0 0 1 0 0 1 0 0 1 0 0 1 1 0 1 0 0 1 0 0 0 1 1 0 0 0 0 
20 11 20 2 20 5 2 24 14 17 24 8 8 20 17 14 14 17 5 11 2 0 5 17 5 8 2 24 5 24 5 25 20 25 20 20 24 15 0 14 0 14 15 8 24 14 0 20 11 8 5 14 14 5 20 20 17 11 0 14 0 5 20 11 11 11 24 0 24 24 20 20 11 17 24 8 24 20 14 24 20 0 20 17 17 17 17 0 20 5 2 24 17 11 17 24 2 2 25 20 8 17 17 25 2 25 17 11 14 8 14 14 2 11 11 25 24 24 24 24 5 8 25 20 8 0 5 24 0 25 0 11 24 5 8 14 17 5 20 17 0 8 20 14 8 25 25 5 2 5 
[p39]
13978
1 0 1 0 0 1 0 1 1 0 0 1 0 1 1 0 0 1 0 0 1 0 0 0 1 1 0 0 0 0 
20 11 20 2 20 5 2 24 14 17 24 8 8 20 17 14 14 17 5 11 2 0 5 17 5 8 2 24 5 24 5 25 20 25 20 20 24 24 0 14 0 14 24 8 24 14 0 13 11 8 5 14 14 5 13 20 17 11 0 14 0 5 20 11 11 11 24 0 24 24 20 20 11 17 24 8 24 20 14 24 20 7 13 17 17 17 17 7 20 5 2 24 17 11 17 24 2 2 25 13 8 17 17 25 2 25 17 11 14 8 14 14 2 11 11 25 24 24 24 24 5 8 25 13 8 0 5 24 0 25 0 11 24 5 8 14 7 5 20 17 0 8 20 14 8 25 25 5 2 5 
[p40]
15680
1 0 1 0 0 1 0 1 1 0 0 1 0 0 1 0 0 1 0 0 1 0 0 0 1 1 0 0 0 0 
20 11 20 2 20 5 2 24 14 17 24 8 8 20 17 14 14 17 5 11 2 0 5 17 5 8 2 24 5 24 5 25 20 25 20 20 24 24 0 14 0 14 24 8 24 14 7 20 11 8 5 14 14 5 20 20 17 11 0 14 0 5 20 11 11 11 24 0 5 24 20 20 11 17 24 8 24 20 14 24 20 7 20 17 17 17 17 7 20 5 2 24 17 11 17 5 2 2 25 20 8 17 17 25 2 25 17 11 14 8 14 14 2 11 11 25 24 24 24 24 5 8 25 20 8 0 5 24 0 25 0 11 24 5 8 14 7 5 20 17 0 8 20 14 8 25 25 5 2 5 
[p41]
7100
0 0 1 0 1 1 1 0 1 1 
5 6 4 6 2 9 5 9 5 8 4 6 2 6 2 2 2 5 8 6 6 6 4 4 6 5 4 4 5 5 8 4 4 4 8 9 2 6 6 9 2 2 9 5 5 4 5 5 6 4 4 6 6 6 9 9 2 8 8 8 4 8 6 5 4 6 6 6 4 4 4 4 4 4 5 2 2 2 6 5 5 2 9 2 2 9 9 9 9 2 
[p42]
5962
0 0 0 1 0 0 0 0 0 1 0 0 0 0 1 0 0 1 0 1 
3 14 3 9 19 19 17 3 17 17 3 3 19 19 19 19 19 17 14 14 9 9 9 14 3 3 3 17 17 3 17 19 19 14 14 19 19 19 19 17 17 3 3 19 9 14 19 19 19 19 17 17 17 3 17 9 17 14 14 14 3 3 3 3 3 3 17 19 19 19 19 19 19 19 19 19 19 19 19 19 
[p43]
6233
1 1 0 0 0 1 0 0 0 1 0 1 1 1 0 0 0 0 0 0 0 1 0 1 0 0 0 1 0 0 
12 21 11 23 13 9 0 21 27 5 5 23 13 9 12 11 21 11 12 0 0 9 0 0 9 13 27 12 27 27 5 23 13 13 0 0 1 12 21 11 27 12 27 23 5 13 9 9 9 11 21 0 9 12 11 11 21 21 23 5 5 27 1 5 27 27 1 27 1 27 
[p44]
7217
1 1 1 1 1 1 1 1 1 1 
4 4 4 4 4 4 4 4 0 0 0 0 0 6 0 0 1 1 1 7 6 1 1 2 2 2 2 2 2 2 2 3 3 3 3 3 3 3 3 3 4 0 1 1 2 8 7 5 9 7 7 6 5 5 8 8 7 7 9 5 5 5 9 3 0 6 6 8 1 5 4 9 5 7 7 8 6 6 5 8 7 9 9 9 9 9 6 5 7 5 
[p45]
8358
0 0 0 1 0 0 0 0 0 1 0 0 1 1 1 0 0 1 0 1 
19 19 19 19 19 19 19 13 13 13 9 13 13 13 13 3 3 3 3 3 3 17 12 12 12 12 12 12 17 14 19 14 19 14 14 14 19 19 19 19 3 3 17 12 13 14 19 3 19 19 13 13 17 19 13 19 14 19 9 9 3 9 19 17 13 13 17 12 9 9 19 3 13 17 14 17 17 17 9 13 
[p46]
7416
0 1 0 1 0 0 0 0 1 0 1 0 1 0 1 0 1 0 0 0 0 1 1 0 1 0 0 1 0 1 
10 10 10 10 10 10 10 1 1 1 1 1 1 22 22 3 3 3 3 3 3 24 24 24 24 24 24 8 8 8 16 8 8 8 10 3 3 24 24 22 29 12 21 22 24 14 14 27 16 29 29 27 27 22 24 14 16 12 12 24 12 12 29 14 14 27 14 27 21 12 
[p47]
6337
1 1 1 1 1 1 1 1 1 1 
0 0 0 0 0 0 0 0 2 0 1 1 1 2 1 1 1 2 2 2 2 2 2 2 2 2 2 3 3 3 3 3 3 3 3 4 4 4 4 4 4 4 4 4 4 4 4 5 5 5 5 5 5 5 6 6 6 6 6 6 6 6 7 7 6 7 6 0 7 7 7 7 7 8 8 8 6 8 6 8 8 8 9 9 8 6 9 0 9 9 
[p48]
6568
1 1 0 1 0 1 1 1 1 1 0 1 1 0 1 0 0 1 0 0 
0 0 0 0 1 0 1 1 1 3 3 3 3 3 3 5 5 5 5 5 5 5 5 5 6 6 6 6 6 7 7 8 8 8 8 8 8 9 9 9 9 9 11 11 11 11 11 11 12 17 12 8 8 12 8 14 14 12 14 12 0 14 14 14 14 17 17 17 17 17 17 17 17 17 17 17 0 17 0 0 
[p49]
6577
1 1 0 1 0 0 1 0 0 0 1 0 0 1 1 0 0 0 1 0 1 0 1 0 0 0 0 0 1 0 
0 1 1 1 1 1 1 1 3 3 3 3 3 6 6 6 6 6 6 6 6 6 10 10 10 10 10 13 13 14 13 13 13 14 13 14 18 18 18 13 13 13 20 20 18 20 18 20 22 18 22 18 0 22 22 22 22 22 0 0 0 0 0 0 0 28 28 28 28 28 
[p50]
9082
1 1 1 1 0 1 1 0 0 1 
3 6 3 6 2 1 5 5 3 5 5 0 1 9 9 9 9 2 5 3 6 0 0 0 0 6 5 3 3 3 5 3 3 3 3 5 9 9 0 6 0 1 9 9 2 5 5 5 2 3 3 5 6 0 0 0 9 6 2 2 9 5 5 5 3 3 0 3 3 3 3 6 6 0 0 3 3 3 3 3 3 5 2 2 2 2 6 5 2 5 9 1 1 2 2 1 1 1 1 1 
[p51]
8028
1 1 0 0 0 1 0 0 0 0 1 0 0 1 1 1 0 0 1 1 
15 0 19 10 13 13 5 5 15 1 5 14 18 13 13 13 13 5 5 15 0 0 10 14 14 14 1 19 19 15 1 1 19 19 15 5 13 13 10 0 0 13 13 13 5 5 5 5 5 15 15 5 0 14 14 10 0 0 18 13 13 5 1 5 15 15 10 19 1 1 15 0 0 0 10 19 19 19 19 19 19 5 5 13 13 13 18 5 18 1 13 13 18 18 18 18 18 18 18 13 
[p52]
9691
0 1 0 1 1 1 1 1 1 1 
7 7 7 7 7 7 7 7 3 4 4 4 3 4 4 4 4 3 3 8 8 3 8 8 8 5 5 9 9 9 9 9 9 5 6 6 6 6 6 6 6 6 6 6 7 7 4 8 8 5 5 3 4 6 7 5 3 3 3 4 6 9 5 5 3 3 5 6 4 7 9 6 4 3 3 5 3 4 7 1 6 3 8 5 5 3 3 7 9 3 5 1 9 1 5 1 3 4 3 7 
[p53]
9519
0 1 0 1 0 1 0 1 0 1 0 0 1 1 0 1 0 0 1 1 
5 5 5 5 5 5 5 5 19 19 19 7 7 7 7 7 7 12 13 12 12 13 13 12 12 15 9 9 9 9 9 9 9 15 18 18 18 18 18 18 18 18 18 18 5 5 7 12 12 15 15 3 7 18 5 15 3 3 1 7 18 9 15 13 3 13 9 18 7 5 9 18 7 3 3 15 3 7 7 15 18 19 13 15 15 3 1 5 15 1 12 15 9 15 15 18 1 7 1 5 
[p54]
9273
1 0 1 1 1 1 1 1 1 1 
7 7 7 7 7 7 7 2 2 2 2 2 2 2 2 2 2 2 2 3 3 3 2 3 3 3 3 3 3 3 3 3 3 3 3 3 3 3 3 6 6 6 8 6 8 8 8 8 8 8 8 3 6 6 6 6 6 6 6 6 6 5 5 6 5 5 5 6 6 0 0 6 0 5 7 0 0 0 0 0 0 0 0 4 4 4 4 4 4 4 4 9 4 9 4 9 9 9 9 9 
[p55]
8243
0 0 1 0 0 0 1 1 1 1 0 0 0 1 1 0 0 0 1 0 
18 18 18 18 18 18 18 2 8 8 8 8 2 8 2 8 2 2 8 6 6 6 2 6 6 6 6 6 6 6 6 14 14 6 6 6 6 6 6 7 7 7 7 7 7 7 7 7 14 7 7 14 7 7 7 7 13 7 7 7 7 7 9 7 9 7 9 7 7 13 13 9 9 7 18 13 9 13 9 9 13 13 13 13 18 13 13 18 13 13 18 18 18 18 18 18 18 18 18 18 
[p56]
23238
1 1 0 1 1 1 1 0 1 1 1 1 1 1 1 1 0 0 1 1 1 1 1 1 1 1 1 1 1 1 
18 19 21 27 21 12 15 27 22 28 4 28 13 1 28 18 1 20 22 0 18 21 5 24 10 18 27 19 29 5 19 19 4 21 27 6 20 8 24 15 18 9 6 4 8 19 13 21 19 14 24 24 24 21 8 6 11 9 18 25 29 0 18 8 13 11 5 14 28 25 18 12 19 9 23 23 20 23 8 24 10 0 9 25 29 13 6 5 27 25 28 6 25 25 0 3 11 6 0 28 28 15 25 18 4 0 4 24 22 3 19 4 27 12 12 8 28 25 14 8 26 11 28 19 26 21 21 11 26 0 28 24 25 20 23 9 3 3 28 10 12 22 11 11 25 5 24 15 27 25 24 0 23 0 8 11 5 15 3 13 13 27 10 24 5 27 5 4 3 21 1 20 19 14 26 0 0 10 29 10 5 21 21 19 12 8 28 23 0 21 21 21 6 4 25 12 25 15 10 19 
[p57]
30472
1 0 1 1 1 1 1 0 1 1 1 1 1 1 1 0 0 1 1 1 1 1 1 1 1 1 0 1 1 1 
18 19 21 27 2 12 21 27 22 28 4 28 13 13 28 18 3 20 22 0 18 21 5 24 10 18 27 19 29 2 19 19 4 21 27 6 20 8 24 21 18 9 6 4 8 19 13 2 19 14 24 24 24 21 8 6 11 9 18 25 29 0 18 8 13 11 5 14 28 25 18 12 19 9 23 23 20 23 8 24 10 0 9 25 29 13 6 5 27 25 28 6 25 25 2 3 11 6 0 28 28 21 25 18 4 0 4 24 22 3 19 4 27 12 12 8 28 25 17 8 9 11 17 19 9 21 2 11 19 17 28 24 25 20 23 9 3 3 28 10 12 22 11 11 25 5 24 21 27 25 24 17 23 0 8 11 2 21 3 13 13 27 10 24 5 27 5 4 3 21 5 20 19 14 4 2 0 10 29 10 5 21 2 19 12 8 28 23 0 21 2 21 6 4 25 12 25 21 10 19 
[p58]
41453
1 1 1 0 1 1 1 1 1 0 1 1 0 0 1 1 0 1 0 1 0 0 1 0 0 1 0 0 0 1 
7 19 2 22 2 6 15 11 22 17 4 17 10 1 19 7 1 10 22 0 7 15 5 2 10 11 22 14 29 15 19 19 4 15 11 6 14 8 22 15 7 8 6 4 8 19 10 15 19 14 0 22 0 15 8 6 25 8 22 7 29 5 7 8 8 11 5 14 19 25 7 6 19 8 5 5 10 5 8 22 10 17 14 25 29 10 6 0 22 7 17 6 25 25 0 1 11 6 17 17 17 15 25 7 4 0 4 0 22 1 19 4 22 6 11 8 17 7 17 8 14 11 17 19 4 15 2 11 19 17 11 2 25 10 1 14 1 1 17 10 11 22 11 25 25 5 0 15 22 25 2 17 5 0 8 11 2 15 8 1 1 0 10 2 5 11 5 4 1 15 1 8 19 14 4 2 0 10 29 10 5 15 2 19 6 8 11 10 0 5 2 2 6 4 7 6 7 15 14 19 
[p59]
32516
1 0 1 1 1 0 1 0 0 1 1 0 1 0 0 1 1 1 0 1 0 0 1 0 0 1 0 1 1 1 
22 19 2 27 15 12 15 27 22 28 4 28 10 3 28 27 3 10 22 0 22 16 2 0 0 27 27 19 29 15 19 19 4 16 27 6 9 9 16 15 25 9 6 4 9 19 3 16 19 19 0 16 2 16 9 6 12 9 22 25 29 0 12 10 3 25 2 17 28 25 22 12 6 9 0 10 9 17 9 16 17 0 9 25 29 10 6 2 27 25 28 6 25 25 0 3 28 6 0 28 28 15 25 22 4 0 4 16 22 3 19 4 27 12 12 9 28 25 17 9 19 25 28 19 9 16 2 12 4 17 28 16 12 10 3 9 3 3 28 10 6 22 6 25 25 2 16 15 27 25 27 17 10 17 3 28 2 15 3 3 3 27 10 0 10 27 0 4 3 15 2 10 19 17 4 2 17 10 29 10 2 15 16 6 12 3 28 10 0 16 2 2 6 4 22 12 25 15 17 19 
[p60]
22897
1 1 1 0 1 0 1 1 1 0 1 1 1 1 1 0 1 1 1 1 1 1 0 1 1 1 1 1 1 0 
18 19 21 27 2 12 21 27 18 28 4 28 13 1 28 18 1 20 27 0 18 16 23 24 10 18 27 19 4 2 19 19 4 16 27 6 20 8 24 16 18 8 6 4 8 19 13 21 19 14 24 16 24 16 8 6 11 8 18 25 4 0 7 8 13 11 23 14 28 25 18 12 19 8 23 23 20 23 8 16 10 0 26 25 4 13 6 2 27 7 28 6 25 25 2 13 11 6 0 28 28 21 25 18 4 0 4 24 27 13 19 4 27 12 12 8 28 7 17 8 26 11 17 19 26 16 2 11 26 17 28 24 25 20 23 8 1 13 28 10 12 27 11 11 25 2 24 21 27 25 24 17 23 0 8 11 2 16 13 13 13 27 10 24 23 27 23 4 1 21 1 20 19 14 26 2 0 10 4 10 2 21 2 19 12 8 28 23 0 21 2 21 6 4 7 12 7 21 10 19 
[p61]
30621
1 1 1 0 1 1 1 1 1 1 1 1 1 1 1 0 1 1 0 0 1 1 1 1 1 1 1 1 1 0 
7 6 21 27 2 12 21 27 22 28 4 28 13 1 28 7 1 20 22 0 27 16 5 24 10 27 27 14 4 2 6 26 4 16 27 6 20 8 24 16 7 9 6 4 8 26 13 21 14 14 24 16 24 16 8 6 11 9 22 7 4 0 7 8 13 11 5 14 28 25 7 12 6 9 23 23 20 23 8 16 10 0 9 25 4 13 6 5 27 7 28 6 25 25 2 13 11 6 0 28 28 21 25 7 4 0 4 24 22 13 14 4 27 12 12 8 28 7 17 8 26 11 17 6 26 16 2 11 26 17 28 24 25 20 23 9 1 13 28 10 12 22 11 11 25 5 24 21 27 25 24 17 23 0 8 11 2 16 13 13 13 27 10 24 5 27 5 4 1 21 1 20 28 14 26 2 0 10 4 10 5 21 2 6 12 8 28 23 0 21 2 21 6 4 7 12 7 21 10 6 
[p62]
35396
0 0 1 0 1 0 0 0 1 1 0 0 1 0 0 0 1 1 1 0 0 0 1 1 0 0 0 0 1 0 
18 28 2 22 2 12 16 28 22 28 4 28 23 23 28 18 23 8 22 28 18 16 2 2 23 18 22 17 4 2 4 4 4 16 28 12 9 8 22 16 18 9 12 4 8 4 8 2 28 17 2 16 16 16 8 12 18 9 18 18 4 17 18 8 8 12 17 17 28 12 18 12 4 9 23 23 8 23 8 16 23 17 9 18 4 23 4 2 22 18 28 4 18 12 2 8 28 12 17 28 17 16 12 18 4 2 4 16 22 8 9 4 22 12 12 8 28 18 17 8 9 12 17 28 9 16 2 18 9 17 28 16 12 8 23 9 8 8 28 17 12 22 28 18 12 2 16 16 22 12 16 28 23 17 8 28 2 16 8 8 23 22 23 2 23 22 23 4 8 2 23 8 28 17 9 2 17 17 4 8 2 16 2 28 12 9 28 23 17 16 2 16 4 4 18 12 18 2 23 28 
[p63]
30005
0 0 1 0 1 1 0 1 1 0 0 1 0 0 0 0 0 1 0 1 0 0 0 1 1 1 0 0 0 0 
7 19 2 24 2 25 5 11 7 17 4 19 23 23 19 7 5 8 24 24 7 24 5 24 23 11 24 19 4 2 19 4 4 24 11 19 8 8 24 24 7 8 19 4 8 19 23 2 19 19 24 24 2 24 8 19 25 8 7 7 4 17 7 8 8 11 5 17 19 25 7 11 4 8 23 23 8 5 8 24 23 17 8 25 4 23 19 5 24 7 11 19 25 25 5 23 11 11 17 17 17 2 25 7 4 17 4 24 24 8 19 4 11 11 11 8 11 7 17 8 19 11 17 19 4 24 5 11 4 17 11 24 25 17 5 8 23 8 17 17 25 24 11 25 25 5 24 2 24 25 2 17 23 17 8 11 2 2 8 8 23 17 23 2 5 7 5 4 23 2 5 8 19 17 4 2 24 23 4 23 5 2 2 19 11 8 11 23 17 2 2 2 19 4 7 25 7 2 23 19 
[p64]
23158
1 0 1 1 1 1 1 1 1 1 1 1 1 1 0 1 0 1 1 1 1 1 1 1 1 1 1 1 1 1 
18 19 21 27 2 12 15 27 22 28 4 28 13 13 28 18 3 20 22 0 18 21 5 24 10 18 27 19 29 2 19 19 4 21 27 6 20 8 24 15 18 9 6 4 8 19 13 21 19 20 24 24 24 21 8 6 11 9 18 7 29 0 7 8 13 11 5 17 28 25 18 12 19 9 23 23 20 23 8 24 10 0 9 25 29 13 6 5 27 7 28 6 25 25 2 3 11 6 0 28 28 15 25 18 4 0 4 24 22 3 19 4 27 12 12 8 28 7 17 8 26 11 17 19 26 21 2 11 26 17 28 24 25 20 23 9 3 3 28 10 12 22 11 11 25 5 24 15 27 25 24 17 23 0 8 11 2 15 3 13 13 27 10 24 5 27 5 4 3 21 5 20 19 10 26 2 0 10 29 10 5 21 2 19 12 8 28 23 0 21 2 21 6 4 7 12 7 15 10 19 
[p65]
29427
1 1 1 1 1 1 1 1 1 0 1 1 1 1 1 0 1 0 1 1 1 1 0 0 1 1 0 1 1 0 
18 19 21 27 2 12 21 27 18 28 4 28 13 1 28 18 1 20 27 0 18 16 5 24 10 18 27 19 4 2 19 19 4 16 27 6 20 8 24 16 18 8 6 4 8 19 13 21 19 14 24 16 24 16 8 6 11 8 18 7 4 0 7 8 13 11 5 14 28 25 18 12 19 8 5 13 20 5 8 16 10 0 8 25 4 13 6 5 27 7 28 6 25 25 2 3 11 6 0 28 28 21 25 18 4 0 4 24 27 3 19 4 27 12 12 8 28 7 14 8 14 11 28 19 4 16 2 11 19 0 28 24 25 20 1 8 3 3 28 10 12 27 11 11 25 5 24 21 27 25 24 0 10 0 8 11 2 16 3 13 13 27 10 24 5 27 5 4 3 21 1 20 19 14 4 2 0 10 4 10 5 21 2 19 12 8 28 10 0 21 2 21 6 4 7 12 7 21 10 19 
[p66]
36553
0 0 1 0 1 1 1 0 0 0 0 0 0 0 0 0 0 1 1 0 0 0 0 1 0 0 0 1 0 0 
18 6 2 27 2 6 2 27 18 17 4 17 23 5 6 18 23 23 27 27 18 2 5 27 23 18 27 17 4 5 6 4 4 2 27 6 23 23 27 2 18 4 6 4 23 4 23 2 6 17 27 27 2 2 23 6 18 4 18 18 4 2 18 23 23 18 5 17 6 6 18 6 6 17 5 23 23 5 17 27 23 17 4 18 4 23 6 5 27 18 17 6 18 18 2 5 27 6 17 17 17 5 18 18 4 27 4 27 27 23 4 4 27 6 6 23 17 18 17 5 4 18 17 4 4 2 2 6 4 17 27 2 18 17 5 4 5 23 17 17 6 27 6 18 18 5 27 2 27 18 27 17 23 17 23 27 2 2 23 23 23 27 23 2 5 27 5 4 23 2 5 23 17 17 4 2 27 23 4 23 5 2 2 6 6 4 6 23 17 2 2 2 6 4 18 6 18 2 17 6 
[p67]
30691
0 0 1 0 1 0 0 0 0 0 1 0 1 0 0 1 0 1 1 0 1 0 1 0 0 1 1 0 0 0 
18 12 2 22 2 12 15 18 22 17 4 17 10 10 17 18 20 20 22 17 18 15 2 22 10 18 22 26 4 15 4 26 4 15 18 12 20 20 22 15 18 26 12 26 10 4 10 15 26 26 2 22 2 15 20 12 18 26 18 25 4 22 18 20 20 25 2 17 12 25 18 12 4 20 17 10 20 17 20 22 10 17 26 25 4 10 4 2 22 25 17 4 25 25 2 10 18 12 17 17 17 15 25 18 4 2 4 22 22 20 26 4 18 12 12 20 17 25 17 20 26 25 17 4 26 15 2 12 26 17 12 2 25 20 17 26 20 10 17 10 12 22 12 25 25 2 22 15 22 25 22 26 2 17 20 25 2 15 20 20 10 17 10 2 10 18 10 4 20 15 15 20 17 20 26 2 22 10 4 10 2 15 2 12 12 20 12 10 17 15 2 15 12 4 25 12 25 15 10 26 
[p68]
23469
1 0 1 1 1 1 1 1 1 1 1 1 1 1 1 1 1 1 1 1 1 1 1 1 0 1 1 1 1 0 
18 19 21 27 2 12 15 27 22 28 4 28 13 13 28 18 3 20 22 0 18 16 5 0 10 18 27 19 4 2 19 19 4 16 27 6 20 8 16 16 18 9 6 4 8 19 13 21 19 14 0 16 2 16 8 6 11 9 18 7 4 0 7 8 13 11 5 14 28 25 18 12 19 9 23 23 20 23 8 16 10 0 9 25 4 13 6 5 27 7 28 6 25 25 2 3 11 6 0 28 28 15 25 18 4 0 4 27 22 3 19 4 27 12 12 8 28 7 17 8 26 11 17 19 26 16 2 11 26 17 28 21 25 20 23 9 3 3 28 10 12 22 11 11 25 5 16 15 27 25 27 17 23 0 8 11 2 15 3 13 13 27 10 2 5 27 5 4 3 21 5 20 19 14 26 2 0 10 4 10 5 21 2 19 12 8 28 23 0 21 2 21 6 4 7 12 7 15 10 19 
[p69]
29708
1 0 0 1 1 1 1 0 0 1 1 1 1 1 1 0 1 0 0 1 1 1 1 1 0 1 1 1 1 1 
27 19 21 27 21 12 21 27 22 28 4 28 13 13 28 11 3 20 22 0 27 16 5 0 10 27 27 19 29 21 19 19 4 16 27 6 20 9 16 16 25 9 6 4 20 19 13 21 19 14 0 16 21 16 20 6 11 9 22 25 29 0 25 20 13 11 5 14 28 25 25 12 19 9 23 23 20 23 20 16 10 0 9 25 29 13 6 5 27 25 28 6 25 25 0 3 11 6 0 28 28 21 25 25 4 0 4 27 22 3 19 4 27 12 12 20 28 25 14 20 26 11 28 19 26 16 21 11 26 0 28 21 11 20 23 9 3 3 28 10 12 22 11 11 25 5 16 21 27 25 27 0 23 0 20 11 5 16 3 13 13 27 10 0 5 27 5 4 3 21 5 20 19 14 26 21 0 10 29 10 5 21 21 19 12 9 28 23 0 21 21 21 6 4 25 12 25 21 10 19 
[p70]
40401
0 0 0 0 1 1 0 0 0 0 0 0 1 0 1 0 0 1 1 0 1 1 0 1 1 0 1 0 0 1 
21 14 21 24 21 12 21 17 24 17 4 14 23 23 17 18 5 20 24 24 18 21 5 5 23 18 18 14 29 5 4 26 4 21 24 4 20 20 21 21 18 26 4 26 20 26 20 21 14 14 24 24 21 21 20 12 12 26 18 12 29 5 18 20 20 18 5 14 14 4 18 12 4 20 5 23 20 5 20 24 23 17 26 12 29 20 4 5 24 12 14 4 18 12 5 23 18 12 17 17 14 21 12 24 4 5 4 24 18 20 26 4 18 12 12 20 17 18 14 20 26 18 17 26 26 21 21 17 26 17 17 24 18 20 5 26 5 23 14 14 4 24 12 12 18 5 24 21 24 12 24 14 23 17 20 17 5 21 20 23 23 14 23 21 5 17 5 29 23 21 5 20 14 14 26 5 21 20 29 20 5 21 24 12 12 20 14 23 17 21 21 21 4 4 12 12 18 21 23 14 
[p71]
34065
1 0 1 0 1 1 1 1 1 0 1 1 1 1 0 1 1 1 1 1 1 1 0 1 0 1 1 1 1 0 
18 19 21 27 2 12 15 27 18 28 4 28 13 13 28 18 13 20 27 0 18 16 5 0 10 18 27 19 4 2 19 19 4 16 27 6 20 8 16 16 18 8 6 4 8 19 13 21 19 20 0 16 2 16 8 6 11 8 18 25 4 0 7 8 13 11 5 17 28 25 18 12 19 8 23 23 20 23 8 16 10 0 26 25 4 13 6 5 27 7 28 6 25 25 2 13 11 6 0 28 28 15 25 18 4 0 4 27 27 13 19 4 27 12 12 8 28 7 17 8 26 11 17 19 26 16 2 11 26 17 28 21 25 20 23 8 13 13 28 10 12 27 11 11 25 5 16 15 27 25 27 17 23 0 8 11 2 15 13 13 13 27 10 2 5 27 5 4 13 21 5 20 19 10 26 2 0 10 4 10 5 21 2 19 12 8 28 23 0 21 2 21 6 4 7 12 7 15 10 19 
